255, 255, 255
160, 160, 160
160, 160, 160
160, 160, 160
160, 160, 160
160, 160, 160
160, 160, 160
160, 160, 160
160, 160, 160
160, 160, 160
160, 160, 160
160, 160, 160
160, 160, 160
160, 160, 160
160, 160, 160
160, 160, 160
160, 160, 160
160, 160, 160
160, 160, 160
160, 160, 160
160, 160, 160
160, 160, 160
160, 160, 160
160, 160, 160
160, 160, 160
160, 160, 160
160, 160, 160
160, 160, 160
160, 160, 160
160, 160, 160
160, 160, 160
160, 160, 160
160, 160, 160
160, 160, 160
160, 160, 160
160, 160, 160
165, 165, 165
187, 187, 187
192, 192, 192
165, 165, 165
160, 160, 160
160, 160, 160
160, 160, 160
160, 160, 160
160, 160, 160
160, 160, 160
160, 160, 160
160, 160, 160
160, 160, 160
160, 160, 160
160, 160, 160
160, 160, 160
160, 160, 160
160, 160, 160
160, 160, 160
160, 160, 160
160, 160, 160
160, 160, 160
160, 160, 160
160, 160, 160
160, 160, 160
160, 160, 160
160, 160, 160
160, 160, 160
160, 160, 160
160, 160, 160
160, 160, 160
160, 160, 160
160, 160, 160
160, 160, 160
160, 160, 160
160, 160, 160
255, 255, 255
255, 255, 255
255, 255, 255
32, 32, 32
32, 32, 32
32, 32, 32
32, 32, 32
32, 32, 32
32, 32, 32
32, 32, 32
32, 32, 32
32, 32, 32
32, 32, 32
32, 32, 32
32, 32, 32
32, 32, 32
32, 32, 32
32, 32, 32
32, 32, 32
32, 32, 32
32, 32, 32
32, 32, 32
32, 32, 32
32, 32, 32
32, 32, 32
32, 32, 32
32, 32, 32
32, 32, 32
32, 32, 32
32, 32, 32
32, 32, 32
32, 32, 32
32, 32, 32
32, 32, 32
32, 32, 32
32, 32, 32
32, 32, 32
32, 32, 32
59, 59, 59
165, 165, 165
192, 192, 192
59, 59, 59
32, 32, 32
32, 32, 32
32, 32, 32
32, 32, 32
32, 32, 32
32, 32, 32
32, 32, 32
32, 32, 32
32, 32, 32
32, 32, 32
32, 32, 32
32, 32, 32
32, 32, 32
32, 32, 32
32, 32, 32
32, 32, 32
32, 32, 32
32, 32, 32
32, 32, 32
32, 32, 32
32, 32, 32
32, 32, 32
32, 32, 32
32, 32, 32
32, 32, 32
32, 32, 32
32, 32, 32
32, 32, 32
32, 32, 32
32, 32, 32
32, 32, 32
32, 32, 32
255, 255, 255
255, 255, 255
255, 255, 255
128, 128, 128
128, 128, 128
128, 128, 128
128, 128, 128
128, 128, 128
128, 128, 128
128, 128, 128
128, 128, 128
128, 128, 128
128, 128, 128
128, 128, 128
128, 128, 128
128, 128, 128
128, 128, 128
128, 128, 128
128, 128, 128
128, 128, 128
128, 128, 128
128, 128, 128
128, 128, 128
128, 128, 128
128, 128, 128
128, 128, 128
128, 128, 128
128, 128, 128
128, 128, 128
128, 128, 128
128, 128, 128
128, 128, 128
128, 128, 128
128, 128, 128
128, 128, 128
128, 128, 128
128, 128, 128
64, 64, 64
32, 32, 32
160, 160, 160
192, 192, 192
32, 32, 32
64, 64, 64
128, 128, 128
128, 128, 128
128, 128, 128
128, 128, 128
128, 128, 128
128, 128, 128
128, 128, 128
128, 128, 128
128, 128, 128
128, 128, 128
128, 128, 128
128, 128, 128
128, 128, 128
128, 128, 128
128, 128, 128
128, 128, 128
128, 128, 128
128, 128, 128
128, 128, 128
128, 128, 128
128, 128, 128
128, 128, 128
128, 128, 128
128, 128, 128
128, 128, 128
128, 128, 128
128, 128, 128
128, 128, 128
128, 128, 128
128, 128, 128
128, 128, 128
255, 255, 255
255, 255, 255
255, 255, 255
235, 235, 235
227, 227, 227
223, 223, 223
223, 223, 223
239, 239, 239
255, 255, 255
255, 255, 255
255, 255, 255
254, 254, 254
248, 248, 248
235, 235, 235
227, 227, 227
243, 243, 243
243, 243, 243
236, 236, 236
226, 226, 226
223, 223, 223
223, 223, 223
223, 223, 223
223, 223, 223
223, 223, 223
223, 223, 223
223, 223, 223
223, 223, 223
223, 223, 223
223, 223, 223
223, 223, 223
223, 223, 223
223, 223, 223
223, 223, 223
223, 223, 223
231, 231, 231
242, 242, 242
252, 252, 252
128, 128, 128
32, 32, 32
160, 160, 160
192, 192, 192
32, 32, 32
128, 128, 128
251, 251, 251
235, 235, 235
227, 227, 227
223, 223, 223
223, 223, 223
223, 223, 223
223, 223, 223
223, 223, 223
223, 223, 223
223, 223, 223
223, 223, 223
223, 223, 223
223, 223, 223
223, 223, 223
223, 223, 223
223, 223, 223
223, 223, 223
223, 223, 223
227, 227, 227
243, 243, 243
243, 243, 243
236, 236, 236
226, 226, 226
223, 223, 223
223, 223, 223
223, 223, 223
239, 239, 239
255, 255, 255
255, 255, 255
255, 255, 255
251, 251, 251
255, 255, 255
255, 255, 255
255, 255, 255
156, 156, 156
116, 116, 116
96, 96, 96
96, 96, 96
176, 176, 176
255, 255, 255
255, 255, 255
255, 255, 255
248, 248, 248
222, 222, 222
156, 156, 156
116, 116, 116
195, 195, 195
196, 196, 196
163, 163, 163
109, 109, 109
96, 96, 96
96, 96, 96
96, 96, 96
96, 96, 96
96, 96, 96
96, 96, 96
96, 96, 96
96, 96, 96
96, 96, 96
96, 96, 96
96, 96, 96
96, 96, 96
96, 96, 96
96, 96, 96
96, 96, 96
136, 136, 136
189, 189, 189
242, 242, 242
128, 128, 128
32, 32, 32
160, 160, 160
192, 192, 192
32, 32, 32
128, 128, 128
235, 235, 235
156, 156, 156
116, 116, 116
96, 96, 96
96, 96, 96
96, 96, 96
96, 96, 96
96, 96, 96
96, 96, 96
96, 96, 96
96, 96, 96
96, 96, 96
96, 96, 96
96, 96, 96
96, 96, 96
96, 96, 96
96, 96, 96
96, 96, 96
116, 116, 116
195, 195, 195
196, 196, 196
163, 163, 163
109, 109, 109
96, 96, 96
96, 96, 96
96, 96, 96
176, 176, 176
255, 255, 255
255, 255, 255
255, 255, 255
235, 235, 235
255, 255, 255
255, 255, 255
255, 255, 255
116, 116, 116
60, 60, 60
32, 32, 32
32, 32, 32
143, 143, 143
255, 255, 255
255, 255, 255
255, 255, 255
246, 246, 246
209, 209, 209
116, 116, 116
60, 60, 60
171, 171, 171
172, 172, 172
125, 125, 125
51, 51, 51
32, 32, 32
32, 32, 32
32, 32, 32
32, 32, 32
32, 32, 32
32, 32, 32
32, 32, 32
32, 32, 32
32, 32, 32
32, 32, 32
32, 32, 32
32, 32, 32
32, 32, 32
32, 32, 32
32, 32, 32
88, 88, 88
163, 163, 163
236, 236, 236
128, 128, 128
32, 32, 32
160, 160, 160
192, 192, 192
32, 32, 32
128, 128, 128
227, 227, 227
116, 116, 116
60, 60, 60
32, 32, 32
32, 32, 32
32, 32, 32
32, 32, 32
32, 32, 32
32, 32, 32
32, 32, 32
32, 32, 32
32, 32, 32
32, 32, 32
32, 32, 32
32, 32, 32
32, 32, 32
32, 32, 32
32, 32, 32
60, 60, 60
171, 171, 171
172, 172, 172
125, 125, 125
51, 51, 51
32, 32, 32
32, 32, 32
32, 32, 32
143, 143, 143
255, 255, 255
255, 255, 255
255, 255, 255
227, 227, 227
255, 255, 255
255, 255, 255
255, 255, 255
107, 107, 107
53, 53, 53
18, 18, 18
4, 4, 4
128, 128, 128
255, 255, 255
255, 255, 255
255, 255, 255
244, 244, 244
203, 203, 203
96, 96, 96
32, 32, 32
160, 160, 160
160, 160, 160
106, 106, 106
21, 21, 21
21, 21, 21
43, 43, 43
43, 43, 43
43, 43, 43
43, 43, 43
43, 43, 43
43, 43, 43
43, 43, 43
43, 43, 43
43, 43, 43
43, 43, 43
43, 43, 43
43, 43, 43
36, 36, 36
7, 7, 7
64, 64, 64
149, 149, 149
234, 234, 234
128, 128, 128
32, 32, 32
160, 160, 160
192, 192, 192
32, 32, 32
128, 128, 128
223, 223, 223
96, 96, 96
32, 32, 32
7, 7, 7
36, 36, 36
43, 43, 43
43, 43, 43
43, 43, 43
43, 43, 43
43, 43, 43
43, 43, 43
43, 43, 43
43, 43, 43
43, 43, 43
43, 43, 43
41, 41, 41
34, 34, 34
16, 16, 16
32, 32, 32
160, 160, 160
160, 160, 160
106, 106, 106
21, 21, 21
21, 21, 21
43, 43, 43
43, 43, 43
128, 128, 128
212, 212, 212
212, 212, 212
212, 212, 212
191, 191, 191
255, 255, 255
255, 255, 255
255, 255, 255
149, 149, 149
138, 138, 138
89, 89, 89
18, 18, 18
128, 128, 128
255, 255, 255
255, 255, 255
255, 255, 255
244, 244, 244
203, 203, 203
96, 96, 96
32, 32, 32
160, 160, 160
160, 160, 160
106, 106, 106
21, 21, 21
106, 106, 106
212, 212, 212
212, 212, 212
212, 212, 212
212, 212, 212
212, 212, 212
212, 212, 212
212, 212, 212
212, 212, 212
212, 212, 212
212, 212, 212
212, 212, 212
212, 212, 212
177, 177, 177
36, 36, 36
64, 64, 64
149, 149, 149
234, 234, 234
128, 128, 128
32, 32, 32
160, 160, 160
192, 192, 192
32, 32, 32
128, 128, 128
223, 223, 223
96, 96, 96
32, 32, 32
36, 36, 36
177, 177, 177
212, 212, 212
212, 212, 212
212, 212, 212
212, 212, 212
212, 212, 212
212, 212, 212
212, 212, 212
212, 212, 212
212, 212, 212
212, 212, 212
203, 203, 203
169, 169, 169
80, 80, 80
32, 32, 32
160, 160, 160
160, 160, 160
106, 106, 106
21, 21, 21
106, 106, 106
212, 212, 212
212, 212, 212
128, 128, 128
43, 43, 43
43, 43, 43
43, 43, 43
64, 64, 64
255, 255, 255
255, 255, 255
255, 255, 255
160, 160, 160
160, 160, 160
106, 106, 106
21, 21, 21
128, 128, 128
255, 255, 255
255, 255, 255
255, 255, 255
244, 244, 244
203, 203, 203
96, 96, 96
32, 32, 32
160, 160, 160
160, 160, 160
106, 106, 106
21, 21, 21
128, 128, 128
255, 255, 255
255, 255, 255
255, 255, 255
255, 255, 255
255, 255, 255
255, 255, 255
255, 255, 255
255, 255, 255
255, 255, 255
255, 255, 255
255, 255, 255
255, 255, 255
212, 212, 212
43, 43, 43
64, 64, 64
149, 149, 149
234, 234, 234
128, 128, 128
32, 32, 32
160, 160, 160
192, 192, 192
32, 32, 32
128, 128, 128
223, 223, 223
96, 96, 96
32, 32, 32
43, 43, 43
212, 212, 212
255, 255, 255
255, 255, 255
255, 255, 255
255, 255, 255
255, 255, 255
255, 255, 255
255, 255, 255
255, 255, 255
255, 255, 255
255, 255, 255
244, 244, 244
203, 203, 203
96, 96, 96
32, 32, 32
160, 160, 160
160, 160, 160
106, 106, 106
21, 21, 21
128, 128, 128
255, 255, 255
255, 255, 255
128, 128, 128
0, 0, 0
0, 0, 0
0, 0, 0
32, 32, 32
255, 255, 255
255, 255, 255
255, 255, 255
176, 176, 176
176, 176, 176
131, 131, 131
61, 61, 61
128, 128, 128
212, 212, 212
212, 212, 212
234, 234, 234
244, 244, 244
203, 203, 203
96, 96, 96
32, 32, 32
160, 160, 160
160, 160, 160
106, 106, 106
21, 21, 21
128, 128, 128
255, 255, 255
255, 255, 255
244, 244, 244
230, 230, 230
216, 216, 216
212, 212, 212
212, 212, 212
212, 212, 212
212, 212, 212
219, 219, 219
248, 248, 248
255, 255, 255
212, 212, 212
43, 43, 43
64, 64, 64
149, 149, 149
234, 234, 234
128, 128, 128
32, 32, 32
160, 160, 160
192, 192, 192
32, 32, 32
128, 128, 128
223, 223, 223
96, 96, 96
32, 32, 32
43, 43, 43
212, 212, 212
255, 255, 255
248, 248, 248
219, 219, 219
212, 212, 212
212, 212, 212
212, 212, 212
212, 212, 212
218, 218, 218
239, 239, 239
250, 250, 250
244, 244, 244
203, 203, 203
96, 96, 96
32, 32, 32
160, 160, 160
171, 171, 171
131, 131, 131
61, 61, 61
128, 128, 128
212, 212, 212
212, 212, 212
106, 106, 106
2, 2, 2
9, 9, 9
27, 27, 27
70, 70, 70
255, 255, 255
255, 255, 255
255, 255, 255
239, 239, 239
239, 239, 239
230, 230, 230
216, 216, 216
128, 128, 128
43, 43, 43
43, 43, 43
149, 149, 149
244, 244, 244
203, 203, 203
96, 96, 96
32, 32, 32
160, 160, 160
160, 160, 160
106, 106, 106
21, 21, 21
128, 128, 128
255, 255, 255
255, 255, 255
202, 202, 202
131, 131, 131
61, 61, 61
43, 43, 43
43, 43, 43
43, 43, 43
43, 43, 43
78, 78, 78
219, 219, 219
255, 255, 255
212, 212, 212
43, 43, 43
64, 64, 64
149, 149, 149
234, 234, 234
128, 128, 128
32, 32, 32
160, 160, 160
192, 192, 192
32, 32, 32
128, 128, 128
223, 223, 223
96, 96, 96
32, 32, 32
43, 43, 43
212, 212, 212
255, 255, 255
219, 219, 219
78, 78, 78
43, 43, 43
43, 43, 43
43, 43, 43
43, 43, 43
70, 70, 70
176, 176, 176
229, 229, 229
244, 244, 244
203, 203, 203
96, 96, 96
32, 32, 32
160, 160, 160
213, 213, 213
230, 230, 230
216, 216, 216
128, 128, 128
43, 43, 43
43, 43, 43
21, 21, 21
9, 9, 9
44, 44, 44
133, 133, 133
218, 218, 218
255, 255, 255
255, 255, 255
255, 255, 255
255, 255, 255
255, 255, 255
255, 255, 255
255, 255, 255
128, 128, 128
0, 0, 0
0, 0, 0
128, 128, 128
244, 244, 244
203, 203, 203
96, 96, 96
32, 32, 32
160, 160, 160
160, 160, 160
106, 106, 106
21, 21, 21
128, 128, 128
255, 255, 255
255, 255, 255
191, 191, 191
106, 106, 106
21, 21, 21
0, 0, 0
0, 0, 0
0, 0, 0
0, 0, 0
43, 43, 43
212, 212, 212
255, 255, 255
212, 212, 212
43, 43, 43
64, 64, 64
149, 149, 149
234, 234, 234
128, 128, 128
32, 32, 32
160, 160, 160
192, 192, 192
32, 32, 32
128, 128, 128
223, 223, 223
96, 96, 96
32, 32, 32
43, 43, 43
212, 212, 212
255, 255, 255
212, 212, 212
43, 43, 43
0, 0, 0
0, 0, 0
0, 0, 0
0, 0, 0
32, 32, 32
160, 160, 160
223, 223, 223
244, 244, 244
203, 203, 203
96, 96, 96
32, 32, 32
160, 160, 160
223, 223, 223
255, 255, 255
255, 255, 255
159, 159, 159
64, 64, 64
64, 64, 64
64, 64, 64
72, 72, 72
104, 104, 104
183, 183, 183
255, 255, 255
255, 255, 255
255, 255, 255
255, 255, 255
255, 255, 255
255, 255, 255
255, 255, 255
255, 255, 255
128, 128, 128
0, 0, 0
0, 0, 0
128, 128, 128
244, 244, 244
203, 203, 203
96, 96, 96
32, 32, 32
160, 160, 160
160, 160, 160
106, 106, 106
21, 21, 21
128, 128, 128
255, 255, 255
255, 255, 255
191, 191, 191
106, 106, 106
21, 21, 21
0, 0, 0
0, 0, 0
0, 0, 0
0, 0, 0
43, 43, 43
212, 212, 212
255, 255, 255
212, 212, 212
43, 43, 43
64, 64, 64
149, 149, 149
234, 234, 234
128, 128, 128
32, 32, 32
160, 160, 160
192, 192, 192
32, 32, 32
128, 128, 128
223, 223, 223
96, 96, 96
32, 32, 32
43, 43, 43
212, 212, 212
255, 255, 255
212, 212, 212
43, 43, 43
0, 0, 0
0, 0, 0
0, 0, 0
0, 0, 0
32, 32, 32
160, 160, 160
223, 223, 223
244, 244, 244
203, 203, 203
96, 96, 96
32, 32, 32
160, 160, 160
223, 223, 223
255, 255, 255
255, 255, 255
202, 202, 202
149, 149, 149
149, 149, 149
149, 149, 149
154, 154, 154
171, 171, 171
215, 215, 215
255, 255, 255
255, 255, 255
255, 255, 255
255, 255, 255
255, 255, 255
255, 255, 255
255, 255, 255
255, 255, 255
128, 128, 128
0, 0, 0
0, 0, 0
128, 128, 128
244, 244, 244
203, 203, 203
96, 96, 96
32, 32, 32
160, 160, 160
160, 160, 160
106, 106, 106
21, 21, 21
128, 128, 128
255, 255, 255
255, 255, 255
191, 191, 191
106, 106, 106
21, 21, 21
0, 0, 0
0, 0, 0
0, 0, 0
0, 0, 0
43, 43, 43
212, 212, 212
255, 255, 255
212, 212, 212
43, 43, 43
64, 64, 64
149, 149, 149
234, 234, 234
128, 128, 128
32, 32, 32
160, 160, 160
192, 192, 192
32, 32, 32
128, 128, 128
223, 223, 223
96, 96, 96
32, 32, 32
43, 43, 43
212, 212, 212
255, 255, 255
212, 212, 212
43, 43, 43
0, 0, 0
0, 0, 0
0, 0, 0
0, 0, 0
32, 32, 32
160, 160, 160
223, 223, 223
244, 244, 244
203, 203, 203
96, 96, 96
32, 32, 32
160, 160, 160
223, 223, 223
255, 255, 255
255, 255, 255
244, 244, 244
234, 234, 234
234, 234, 234
234, 234, 234
235, 235, 235
238, 238, 238
247, 247, 247
255, 255, 255
255, 255, 255
255, 255, 255
255, 255, 255
207, 207, 207
207, 207, 207
181, 181, 181
138, 138, 138
128, 128, 128
128, 128, 128
128, 128, 128
128, 128, 128
122, 122, 122
101, 101, 101
48, 48, 48
32, 32, 32
160, 160, 160
160, 160, 160
106, 106, 106
21, 21, 21
128, 128, 128
255, 255, 255
255, 255, 255
191, 191, 191
106, 106, 106
21, 21, 21
0, 0, 0
0, 0, 0
0, 0, 0
0, 0, 0
43, 43, 43
212, 212, 212
255, 255, 255
212, 212, 212
43, 43, 43
64, 64, 64
149, 149, 149
234, 234, 234
128, 128, 128
32, 32, 32
160, 160, 160
192, 192, 192
32, 32, 32
128, 128, 128
223, 223, 223
96, 96, 96
32, 32, 32
43, 43, 43
212, 212, 212
255, 255, 255
212, 212, 212
43, 43, 43
0, 0, 0
0, 0, 0
0, 0, 0
0, 0, 0
32, 32, 32
160, 160, 160
223, 223, 223
244, 244, 244
203, 203, 203
96, 96, 96
32, 32, 32
160, 160, 160
192, 192, 192
181, 181, 181
138, 138, 138
128, 128, 128
128, 128, 128
128, 128, 128
191, 191, 191
250, 250, 250
229, 229, 229
175, 175, 175
144, 144, 144
255, 255, 255
255, 255, 255
255, 255, 255
160, 160, 160
168, 168, 168
125, 125, 125
51, 51, 51
128, 128, 128
223, 223, 223
223, 223, 223
111, 111, 111
0, 0, 0
0, 0, 0
0, 0, 0
32, 32, 32
160, 160, 160
160, 160, 160
106, 106, 106
21, 21, 21
128, 128, 128
255, 255, 255
255, 255, 255
199, 199, 199
125, 125, 125
51, 51, 51
32, 32, 32
32, 32, 32
32, 32, 32
32, 32, 32
70, 70, 70
218, 218, 218
255, 255, 255
212, 212, 212
43, 43, 43
64, 64, 64
149, 149, 149
234, 234, 234
128, 128, 128
32, 32, 32
160, 160, 160
192, 192, 192
32, 32, 32
128, 128, 128
223, 223, 223
96, 96, 96
32, 32, 32
43, 43, 43
212, 212, 212
255, 255, 255
218, 218, 218
70, 70, 70
32, 32, 32
32, 32, 32
32, 32, 32
32, 32, 32
60, 60, 60
172, 172, 172
227, 227, 227
244, 244, 244
203, 203, 203
96, 96, 96
32, 32, 32
160, 160, 160
160, 160, 160
106, 106, 106
21, 21, 21
0, 0, 0
0, 0, 0
0, 0, 0
128, 128, 128
244, 244, 244
203, 203, 203
96, 96, 96
32, 32, 32
255, 255, 255
255, 255, 255
255, 255, 255
160, 160, 160
200, 200, 200
199, 199, 199
168, 168, 168
128, 128, 128
96, 96, 96
96, 96, 96
48, 48, 48
0, 0, 0
0, 0, 0
0, 0, 0
32, 32, 32
160, 160, 160
160, 160, 160
106, 106, 106
21, 21, 21
128, 128, 128
255, 255, 255
255, 255, 255
231, 231, 231
199, 199, 199
168, 168, 168
160, 160, 160
160, 160, 160
160, 160, 160
160, 160, 160
176, 176, 176
239, 239, 239
255, 255, 255
212, 212, 212
43, 43, 43
64, 64, 64
149, 149, 149
234, 234, 234
128, 128, 128
32, 32, 32
160, 160, 160
192, 192, 192
32, 32, 32
128, 128, 128
223, 223, 223
96, 96, 96
32, 32, 32
43, 43, 43
212, 212, 212
255, 255, 255
239, 239, 239
176, 176, 176
160, 160, 160
160, 160, 160
160, 160, 160
160, 160, 160
172, 172, 172
219, 219, 219
243, 243, 243
244, 244, 244
203, 203, 203
96, 96, 96
32, 32, 32
160, 160, 160
160, 160, 160
106, 106, 106
21, 21, 21
0, 0, 0
0, 0, 0
0, 0, 0
128, 128, 128
244, 244, 244
203, 203, 203
96, 96, 96
32, 32, 32
255, 255, 255
255, 255, 255
255, 255, 255
160, 160, 160
215, 215, 215
236, 236, 236
226, 226, 226
128, 128, 128
32, 32, 32
32, 32, 32
16, 16, 16
0, 0, 0
0, 0, 0
0, 0, 0
32, 32, 32
160, 160, 160
160, 160, 160
106, 106, 106
21, 21, 21
128, 128, 128
255, 255, 255
255, 255, 255
247, 247, 247
236, 236, 236
226, 226, 226
223, 223, 223
223, 223, 223
223, 223, 223
223, 223, 223
229, 229, 229
250, 250, 250
255, 255, 255
212, 212, 212
43, 43, 43
64, 64, 64
149, 149, 149
234, 234, 234
128, 128, 128
32, 32, 32
160, 160, 160
192, 192, 192
32, 32, 32
128, 128, 128
223, 223, 223
96, 96, 96
32, 32, 32
43, 43, 43
212, 212, 212
255, 255, 255
250, 250, 250
229, 229, 229
223, 223, 223
223, 223, 223
223, 223, 223
223, 223, 223
227, 227, 227
243, 243, 243
251, 251, 251
244, 244, 244
203, 203, 203
96, 96, 96
32, 32, 32
160, 160, 160
160, 160, 160
106, 106, 106
21, 21, 21
0, 0, 0
0, 0, 0
0, 0, 0
128, 128, 128
244, 244, 244
203, 203, 203
96, 96, 96
32, 32, 32
255, 255, 255
255, 255, 255
255, 255, 255
157, 157, 157
218, 218, 218
251, 251, 251
254, 254, 254
128, 128, 128
0, 0, 0
0, 0, 0
5, 5, 5
10, 10, 10
9, 9, 9
4, 4, 4
32, 32, 32
160, 160, 160
160, 160, 160
106, 106, 106
21, 21, 21
122, 122, 122
244, 244, 244
244, 244, 244
244, 244, 244
244, 244, 244
244, 244, 244
244, 244, 244
244, 244, 244
244, 244, 244
244, 244, 244
244, 244, 244
244, 244, 244
244, 244, 244
203, 203, 203
41, 41, 41
64, 64, 64
149, 149, 149
234, 234, 234
128, 128, 128
32, 32, 32
160, 160, 160
192, 192, 192
32, 32, 32
128, 128, 128
223, 223, 223
96, 96, 96
32, 32, 32
41, 41, 41
203, 203, 203
244, 244, 244
244, 244, 244
244, 244, 244
244, 244, 244
244, 244, 244
244, 244, 244
244, 244, 244
244, 244, 244
244, 244, 244
244, 244, 244
234, 234, 234
194, 194, 194
92, 92, 92
32, 32, 32
160, 160, 160
160, 160, 160
106, 106, 106
21, 21, 21
5, 5, 5
11, 11, 11
11, 11, 11
128, 128, 128
235, 235, 235
196, 196, 196
99, 99, 99
40, 40, 40
255, 255, 255
255, 255, 255
255, 255, 255
147, 147, 147
197, 197, 197
233, 233, 233
251, 251, 251
128, 128, 128
0, 0, 0
0, 0, 0
27, 27, 27
51, 51, 51
42, 42, 42
20, 20, 20
32, 32, 32
160, 160, 160
160, 160, 160
106, 106, 106
21, 21, 21
101, 101, 101
203, 203, 203
203, 203, 203
203, 203, 203
203, 203, 203
203, 203, 203
203, 203, 203
203, 203, 203
203, 203, 203
203, 203, 203
203, 203, 203
203, 203, 203
203, 203, 203
169, 169, 169
34, 34, 34
64, 64, 64
149, 149, 149
234, 234, 234
128, 128, 128
32, 32, 32
160, 160, 160
192, 192, 192
32, 32, 32
128, 128, 128
223, 223, 223
96, 96, 96
32, 32, 32
34, 34, 34
169, 169, 169
203, 203, 203
203, 203, 203
203, 203, 203
203, 203, 203
203, 203, 203
203, 203, 203
203, 203, 203
203, 203, 203
203, 203, 203
203, 203, 203
194, 194, 194
161, 161, 161
76, 76, 76
32, 32, 32
160, 160, 160
160, 160, 160
106, 106, 106
21, 21, 21
27, 27, 27
53, 53, 53
53, 53, 53
128, 128, 128
196, 196, 196
172, 172, 172
109, 109, 109
72, 72, 72
255, 255, 255
255, 255, 255
255, 255, 255
120, 120, 120
144, 144, 144
189, 189, 189
242, 242, 242
128, 128, 128
0, 0, 0
0, 0, 0
80, 80, 80
153, 153, 153
127, 127, 127
60, 60, 60
32, 32, 32
160, 160, 160
160, 160, 160
106, 106, 106
21, 21, 21
48, 48, 48
96, 96, 96
96, 96, 96
96, 96, 96
96, 96, 96
96, 96, 96
96, 96, 96
96, 96, 96
96, 96, 96
96, 96, 96
96, 96, 96
96, 96, 96
96, 96, 96
80, 80, 80
16, 16, 16
64, 64, 64
149, 149, 149
234, 234, 234
128, 128, 128
32, 32, 32
160, 160, 160
192, 192, 192
32, 32, 32
128, 128, 128
223, 223, 223
96, 96, 96
32, 32, 32
16, 16, 16
80, 80, 80
96, 96, 96
96, 96, 96
96, 96, 96
96, 96, 96
96, 96, 96
96, 96, 96
96, 96, 96
96, 96, 96
96, 96, 96
96, 96, 96
92, 92, 92
76, 76, 76
36, 36, 36
32, 32, 32
160, 160, 160
160, 160, 160
106, 106, 106
21, 21, 21
80, 80, 80
159, 159, 159
159, 159, 159
128, 128, 128
99, 99, 99
109, 109, 109
136, 136, 136
152, 152, 152
255, 255, 255
255, 255, 255
255, 255, 255
96, 96, 96
96, 96, 96
149, 149, 149
234, 234, 234
128, 128, 128
0, 0, 0
0, 0, 0
128, 128, 128
246, 246, 246
209, 209, 209
116, 116, 116
60, 60, 60
172, 172, 172
172, 172, 172
125, 125, 125
51, 51, 51
32, 32, 32
32, 32, 32
32, 32, 32
32, 32, 32
32, 32, 32
32, 32, 32
32, 32, 32
32, 32, 32
32, 32, 32
32, 32, 32
32, 32, 32
32, 32, 32
32, 32, 32
32, 32, 32
32, 32, 32
88, 88, 88
163, 163, 163
236, 236, 236
128, 128, 128
32, 32, 32
160, 160, 160
192, 192, 192
32, 32, 32
128, 128, 128
227, 227, 227
116, 116, 116
60, 60, 60
32, 32, 32
32, 32, 32
32, 32, 32
32, 32, 32
32, 32, 32
32, 32, 32
32, 32, 32
32, 32, 32
32, 32, 32
32, 32, 32
32, 32, 32
32, 32, 32
32, 32, 32
32, 32, 32
32, 32, 32
60, 60, 60
172, 172, 172
172, 172, 172
125, 125, 125
51, 51, 51
144, 144, 144
255, 255, 255
255, 255, 255
128, 128, 128
11, 11, 11
53, 53, 53
159, 159, 159
223, 223, 223
255, 255, 255
255, 255, 255
255, 255, 255
96, 96, 96
96, 96, 96
149, 149, 149
234, 234, 234
128, 128, 128
0, 0, 0
0, 0, 0
128, 128, 128
251, 251, 251
235, 235, 235
195, 195, 195
172, 172, 172
219, 219, 219
219, 219, 219
199, 199, 199
168, 168, 168
160, 160, 160
160, 160, 160
160, 160, 160
160, 160, 160
160, 160, 160
160, 160, 160
160, 160, 160
160, 160, 160
160, 160, 160
160, 160, 160
160, 160, 160
160, 160, 160
160, 160, 160
160, 160, 160
160, 160, 160
183, 183, 183
215, 215, 215
247, 247, 247
128, 128, 128
32, 32, 32
160, 160, 160
192, 192, 192
32, 32, 32
128, 128, 128
243, 243, 243
195, 195, 195
171, 171, 171
160, 160, 160
160, 160, 160
160, 160, 160
160, 160, 160
160, 160, 160
160, 160, 160
160, 160, 160
160, 160, 160
160, 160, 160
160, 160, 160
160, 160, 160
160, 160, 160
160, 160, 160
160, 160, 160
160, 160, 160
172, 172, 172
219, 219, 219
219, 219, 219
199, 199, 199
168, 168, 168
207, 207, 207
255, 255, 255
255, 255, 255
128, 128, 128
11, 11, 11
53, 53, 53
159, 159, 159
223, 223, 223
255, 255, 255
255, 255, 255
255, 255, 255
136, 136, 136
120, 120, 120
139, 139, 139
181, 181, 181
96, 96, 96
0, 0, 0
0, 0, 0
96, 96, 96
190, 190, 190
185, 185, 185
172, 172, 172
164, 164, 164
180, 180, 180
195, 195, 195
210, 210, 210
221, 221, 221
192, 192, 192
160, 160, 160
160, 160, 160
160, 160, 160
163, 163, 163
173, 173, 173
200, 200, 200
223, 223, 223
223, 223, 223
223, 223, 223
213, 213, 213
171, 171, 171
160, 160, 160
160, 160, 160
160, 160, 160
183, 183, 183
215, 215, 215
247, 247, 247
128, 128, 128
32, 32, 32
160, 160, 160
192, 192, 192
32, 32, 32
128, 128, 128
243, 243, 243
196, 196, 196
172, 172, 172
160, 160, 160
160, 160, 160
160, 160, 160
160, 160, 160
160, 160, 160
160, 160, 160
160, 160, 160
160, 160, 160
192, 192, 192
216, 216, 216
184, 184, 184
168, 168, 168
160, 160, 160
160, 160, 160
160, 160, 160
172, 172, 172
219, 219, 219
235, 235, 235
236, 236, 236
226, 226, 226
239, 239, 239
255, 255, 255
255, 255, 255
128, 128, 128
11, 11, 11
53, 53, 53
159, 159, 159
231, 231, 231
255, 255, 255
255, 255, 255
255, 255, 255
189, 189, 189
152, 152, 152
124, 124, 124
110, 110, 110
53, 53, 53
0, 0, 0
0, 0, 0
53, 53, 53
106, 106, 106
106, 106, 106
106, 106, 106
106, 106, 106
106, 106, 106
143, 143, 143
193, 193, 193
242, 242, 242
181, 181, 181
106, 106, 106
106, 106, 106
106, 106, 106
113, 113, 113
138, 138, 138
199, 199, 199
255, 255, 255
255, 255, 255
255, 255, 255
230, 230, 230
131, 131, 131
106, 106, 106
106, 106, 106
106, 106, 106
143, 143, 143
193, 193, 193
242, 242, 242
128, 128, 128
32, 32, 32
160, 160, 160
192, 192, 192
32, 32, 32
128, 128, 128
236, 236, 236
163, 163, 163
125, 125, 125
106, 106, 106
106, 106, 106
106, 106, 106
106, 106, 106
106, 106, 106
106, 106, 106
106, 106, 106
106, 106, 106
181, 181, 181
236, 236, 236
163, 163, 163
125, 125, 125
106, 106, 106
106, 106, 106
106, 106, 106
125, 125, 125
199, 199, 199
236, 236, 236
255, 255, 255
255, 255, 255
255, 255, 255
255, 255, 255
255, 255, 255
128, 128, 128
11, 11, 11
53, 53, 53
159, 159, 159
242, 242, 242
255, 255, 255
255, 255, 255
255, 255, 255
242, 242, 242
184, 184, 184
110, 110, 110
39, 39, 39
11, 11, 11
0, 0, 0
0, 0, 0
11, 11, 11
21, 21, 21
21, 21, 21
21, 21, 21
21, 21, 21
21, 21, 21
80, 80, 80
158, 158, 158
235, 235, 235
138, 138, 138
21, 21, 21
21, 21, 21
21, 21, 21
31, 31, 31
70, 70, 70
168, 168, 168
255, 255, 255
255, 255, 255
255, 255, 255
216, 216, 216
61, 61, 61
21, 21, 21
21, 21, 21
21, 21, 21
80, 80, 80
158, 158, 158
235, 235, 235
128, 128, 128
32, 32, 32
160, 160, 160
192, 192, 192
32, 32, 32
128, 128, 128
226, 226, 226
109, 109, 109
51, 51, 51
21, 21, 21
21, 21, 21
21, 21, 21
21, 21, 21
21, 21, 21
21, 21, 21
21, 21, 21
21, 21, 21
138, 138, 138
226, 226, 226
109, 109, 109
51, 51, 51
21, 21, 21
21, 21, 21
21, 21, 21
51, 51, 51
168, 168, 168
226, 226, 226
255, 255, 255
255, 255, 255
255, 255, 255
255, 255, 255
255, 255, 255
128, 128, 128
11, 11, 11
53, 53, 53
159, 159, 159
252, 252, 252
255, 255, 255
255, 255, 255
255, 255, 255
207, 207, 207
207, 207, 207
181, 181, 181
138, 138, 138
64, 64, 64
0, 0, 0
0, 0, 0
0, 0, 0
5, 5, 5
27, 27, 27
80, 80, 80
128, 128, 128
128, 128, 128
159, 159, 159
202, 202, 202
244, 244, 244
128, 128, 128
0, 0, 0
0, 0, 0
0, 0, 0
5, 5, 5
27, 27, 27
80, 80, 80
144, 144, 144
207, 207, 207
239, 239, 239
212, 212, 212
43, 43, 43
0, 0, 0
0, 0, 0
0, 0, 0
64, 64, 64
149, 149, 149
234, 234, 234
128, 128, 128
32, 32, 32
160, 160, 160
192, 192, 192
32, 32, 32
128, 128, 128
239, 239, 239
176, 176, 176
143, 143, 143
128, 128, 128
128, 128, 128
128, 128, 128
106, 106, 106
21, 21, 21
0, 0, 0
0, 0, 0
0, 0, 0
64, 64, 64
111, 111, 111
48, 48, 48
16, 16, 16
5, 5, 5
27, 27, 27
80, 80, 80
144, 144, 144
207, 207, 207
239, 239, 239
255, 255, 255
255, 255, 255
255, 255, 255
255, 255, 255
255, 255, 255
128, 128, 128
5, 5, 5
27, 27, 27
80, 80, 80
144, 144, 144
255, 255, 255
255, 255, 255
255, 255, 255
160, 160, 160
223, 223, 223
255, 255, 255
255, 255, 255
128, 128, 128
0, 0, 0
0, 0, 0
0, 0, 0
11, 11, 11
53, 53, 53
159, 159, 159
255, 255, 255
255, 255, 255
255, 255, 255
255, 255, 255
255, 255, 255
128, 128, 128
0, 0, 0
0, 0, 0
0, 0, 0
0, 0, 0
0, 0, 0
0, 0, 0
32, 32, 32
160, 160, 160
223, 223, 223
212, 212, 212
43, 43, 43
0, 0, 0
0, 0, 0
0, 0, 0
64, 64, 64
149, 149, 149
234, 234, 234
128, 128, 128
32, 32, 32
160, 160, 160
192, 192, 192
32, 32, 32
128, 128, 128
255, 255, 255
255, 255, 255
255, 255, 255
255, 255, 255
255, 255, 255
255, 255, 255
212, 212, 212
43, 43, 43
0, 0, 0
0, 0, 0
0, 0, 0
0, 0, 0
0, 0, 0
0, 0, 0
0, 0, 0
11, 11, 11
53, 53, 53
159, 159, 159
255, 255, 255
255, 255, 255
255, 255, 255
255, 255, 255
255, 255, 255
255, 255, 255
255, 255, 255
255, 255, 255
128, 128, 128
0, 0, 0
0, 0, 0
0, 0, 0
32, 32, 32
255, 255, 255
255, 255, 255
255, 255, 255
160, 160, 160
223, 223, 223
255, 255, 255
255, 255, 255
128, 128, 128
0, 0, 0
0, 0, 0
0, 0, 0
11, 11, 11
53, 53, 53
159, 159, 159
255, 255, 255
255, 255, 255
255, 255, 255
255, 255, 255
255, 255, 255
128, 128, 128
0, 0, 0
0, 0, 0
0, 0, 0
0, 0, 0
0, 0, 0
0, 0, 0
32, 32, 32
160, 160, 160
223, 223, 223
212, 212, 212
43, 43, 43
0, 0, 0
0, 0, 0
0, 0, 0
64, 64, 64
149, 149, 149
234, 234, 234
128, 128, 128
32, 32, 32
160, 160, 160
192, 192, 192
32, 32, 32
128, 128, 128
255, 255, 255
255, 255, 255
255, 255, 255
255, 255, 255
255, 255, 255
255, 255, 255
212, 212, 212
43, 43, 43
0, 0, 0
0, 0, 0
0, 0, 0
0, 0, 0
0, 0, 0
0, 0, 0
0, 0, 0
11, 11, 11
53, 53, 53
159, 159, 159
255, 255, 255
255, 255, 255
255, 255, 255
255, 255, 255
255, 255, 255
255, 255, 255
255, 255, 255
255, 255, 255
128, 128, 128
0, 0, 0
0, 0, 0
0, 0, 0
32, 32, 32
255, 255, 255
255, 255, 255
255, 255, 255
207, 207, 207
207, 207, 207
181, 181, 181
138, 138, 138
64, 64, 64
0, 0, 0
0, 0, 0
0, 0, 0
11, 11, 11
53, 53, 53
159, 159, 159
255, 255, 255
255, 255, 255
223, 223, 223
181, 181, 181
138, 138, 138
64, 64, 64
0, 0, 0
0, 0, 0
32, 32, 32
69, 69, 69
91, 91, 91
48, 48, 48
16, 16, 16
80, 80, 80
112, 112, 112
106, 106, 106
21, 21, 21
0, 0, 0
0, 0, 0
0, 0, 0
64, 64, 64
149, 149, 149
234, 234, 234
128, 128, 128
32, 32, 32
160, 160, 160
192, 192, 192
32, 32, 32
128, 128, 128
255, 255, 255
255, 255, 255
255, 255, 255
255, 255, 255
255, 255, 255
255, 255, 255
234, 234, 234
149, 149, 149
96, 96, 96
53, 53, 53
11, 11, 11
0, 0, 0
0, 0, 0
0, 0, 0
0, 0, 0
5, 5, 5
27, 27, 27
80, 80, 80
128, 128, 128
128, 128, 128
128, 128, 128
128, 128, 128
128, 128, 128
191, 191, 191
255, 255, 255
255, 255, 255
128, 128, 128
5, 5, 5
27, 27, 27
80, 80, 80
144, 144, 144
255, 255, 255
255, 255, 255
255, 255, 255
248, 248, 248
187, 187, 187
108, 108, 108
30, 30, 30
5, 5, 5
0, 0, 0
0, 0, 0
0, 0, 0
11, 11, 11
53, 53, 53
159, 159, 159
255, 255, 255
255, 255, 255
194, 194, 194
113, 113, 113
31, 31, 31
11, 11, 11
11, 11, 11
11, 11, 11
69, 69, 69
138, 138, 138
177, 177, 177
99, 99, 99
9, 9, 9
4, 4, 4
1, 1, 1
0, 0, 0
0, 0, 0
0, 0, 0
2, 2, 2
9, 9, 9
72, 72, 72
154, 154, 154
235, 235, 235
128, 128, 128
32, 32, 32
160, 160, 160
192, 192, 192
32, 32, 32
128, 128, 128
255, 255, 255
255, 255, 255
255, 255, 255
253, 253, 253
246, 246, 246
244, 244, 244
246, 246, 246
253, 253, 253
194, 194, 194
113, 113, 113
31, 31, 31
11, 11, 11
11, 11, 11
11, 11, 11
11, 11, 11
11, 11, 11
11, 11, 11
11, 11, 11
9, 9, 9
4, 4, 4
4, 4, 4
6, 6, 6
10, 10, 10
133, 133, 133
255, 255, 255
255, 255, 255
133, 133, 133
21, 21, 21
62, 62, 62
164, 164, 164
254, 254, 254
255, 255, 255
255, 255, 255
255, 255, 255
222, 222, 222
172, 172, 172
115, 115, 115
66, 66, 66
27, 27, 27
0, 0, 0
0, 0, 0
0, 0, 0
11, 11, 11
53, 53, 53
159, 159, 159
255, 255, 255
255, 255, 255
205, 205, 205
138, 138, 138
70, 70, 70
53, 53, 53
53, 53, 53
53, 53, 53
91, 91, 91
134, 134, 134
159, 159, 159
109, 109, 109
47, 47, 47
20, 20, 20
7, 7, 7
0, 0, 0
0, 0, 0
0, 0, 0
9, 9, 9
44, 44, 44
104, 104, 104
171, 171, 171
238, 238, 238
128, 128, 128
32, 32, 32
160, 160, 160
192, 192, 192
32, 32, 32
128, 128, 128
255, 255, 255
255, 255, 255
255, 255, 255
246, 246, 246
211, 211, 211
203, 203, 203
211, 211, 211
246, 246, 246
205, 205, 205
138, 138, 138
70, 70, 70
53, 53, 53
53, 53, 53
53, 53, 53
53, 53, 53
53, 53, 53
53, 53, 53
53, 53, 53
47, 47, 47
20, 20, 20
20, 20, 20
31, 31, 31
49, 49, 49
154, 154, 154
255, 255, 255
255, 255, 255
154, 154, 154
62, 62, 62
95, 95, 95
179, 179, 179
248, 248, 248
255, 255, 255
255, 255, 255
255, 255, 255
156, 156, 156
132, 132, 132
133, 133, 133
154, 154, 154
80, 80, 80
0, 0, 0
0, 0, 0
0, 0, 0
11, 11, 11
53, 53, 53
159, 159, 159
255, 255, 255
255, 255, 255
231, 231, 231
199, 199, 199
168, 168, 168
159, 159, 159
159, 159, 159
159, 159, 159
144, 144, 144
125, 125, 125
115, 115, 115
136, 136, 136
139, 139, 139
60, 60, 60
20, 20, 20
0, 0, 0
0, 0, 0
0, 0, 0
27, 27, 27
133, 133, 133
183, 183, 183
215, 215, 215
247, 247, 247
128, 128, 128
32, 32, 32
160, 160, 160
192, 192, 192
32, 32, 32
128, 128, 128
255, 255, 255
255, 255, 255
255, 255, 255
228, 228, 228
123, 123, 123
96, 96, 96
123, 123, 123
228, 228, 228
231, 231, 231
199, 199, 199
168, 168, 168
159, 159, 159
159, 159, 159
159, 159, 159
159, 159, 159
159, 159, 159
159, 159, 159
159, 159, 159
139, 139, 139
60, 60, 60
60, 60, 60
93, 93, 93
146, 146, 146
207, 207, 207
255, 255, 255
255, 255, 255
207, 207, 207
164, 164, 164
179, 179, 179
219, 219, 219
235, 235, 235
255, 255, 255
255, 255, 255
255, 255, 255
104, 104, 104
104, 104, 104
144, 144, 144
207, 207, 207
111, 111, 111
0, 0, 0
0, 0, 0
16, 16, 16
40, 40, 40
72, 72, 72
152, 152, 152
227, 227, 227
243, 243, 243
251, 251, 251
255, 255, 255
255, 255, 255
239, 239, 239
223, 223, 223
223, 223, 223
175, 175, 175
120, 120, 120
88, 88, 88
152, 152, 152
195, 195, 195
84, 84, 84
28, 28, 28
5, 5, 5
27, 27, 27
32, 32, 32
64, 64, 64
191, 191, 191
231, 231, 231
242, 242, 242
252, 252, 252
128, 128, 128
32, 32, 32
160, 160, 160
192, 192, 192
32, 32, 32
128, 128, 128
255, 255, 255
255, 255, 255
255, 255, 255
212, 212, 212
43, 43, 43
0, 0, 0
37, 37, 37
185, 185, 185
223, 223, 223
223, 223, 223
223, 223, 223
223, 223, 223
227, 227, 227
243, 243, 243
251, 251, 251
254, 254, 254
248, 248, 248
235, 235, 235
199, 199, 199
104, 104, 104
104, 104, 104
144, 144, 144
207, 207, 207
239, 239, 239
255, 255, 255
255, 255, 255
255, 255, 255
254, 254, 254
248, 248, 248
235, 235, 235
199, 199, 199
255, 255, 255
255, 255, 255
255, 255, 255
136, 136, 136
136, 136, 136
123, 123, 123
101, 101, 101
48, 48, 48
0, 0, 0
0, 0, 0
80, 80, 80
157, 157, 157
147, 147, 147
120, 120, 120
116, 116, 116
195, 195, 195
235, 235, 235
255, 255, 255
255, 255, 255
176, 176, 176
96, 96, 96
96, 96, 96
112, 112, 112
131, 131, 131
141, 141, 141
120, 120, 120
84, 84, 84
36, 36, 36
12, 12, 12
27, 27, 27
133, 133, 133
160, 160, 160
149, 149, 149
107, 107, 107
136, 136, 136
189, 189, 189
242, 242, 242
128, 128, 128
32, 32, 32
160, 160, 160
192, 192, 192
32, 32, 32
128, 128, 128
255, 255, 255
255, 255, 255
255, 255, 255
212, 212, 212
43, 43, 43
0, 0, 0
16, 16, 16
80, 80, 80
96, 96, 96
96, 96, 96
96, 96, 96
96, 96, 96
116, 116, 116
195, 195, 195
235, 235, 235
248, 248, 248
222, 222, 222
156, 156, 156
104, 104, 104
136, 136, 136
136, 136, 136
123, 123, 123
101, 101, 101
176, 176, 176
255, 255, 255
255, 255, 255
255, 255, 255
248, 248, 248
222, 222, 222
156, 156, 156
104, 104, 104
255, 255, 255
255, 255, 255
255, 255, 255
136, 136, 136
136, 136, 136
123, 123, 123
101, 101, 101
48, 48, 48
0, 0, 0
0, 0, 0
80, 80, 80
155, 155, 155
133, 133, 133
80, 80, 80
52, 52, 52
131, 131, 131
187, 187, 187
228, 228, 228
250, 250, 250
175, 175, 175
96, 96, 96
96, 96, 96
112, 112, 112
131, 131, 131
141, 141, 141
120, 120, 120
84, 84, 84
36, 36, 36
12, 12, 12
27, 27, 27
133, 133, 133
160, 160, 160
138, 138, 138
53, 53, 53
88, 88, 88
163, 163, 163
236, 236, 236
128, 128, 128
32, 32, 32
160, 160, 160
192, 192, 192
32, 32, 32
128, 128, 128
255, 255, 255
255, 255, 255
255, 255, 255
212, 212, 212
43, 43, 43
0, 0, 0
16, 16, 16
80, 80, 80
80, 80, 80
59, 59, 59
37, 37, 37
32, 32, 32
52, 52, 52
131, 131, 131
171, 171, 171
187, 187, 187
172, 172, 172
132, 132, 132
112, 112, 112
175, 175, 175
175, 175, 175
149, 149, 149
107, 107, 107
175, 175, 175
255, 255, 255
255, 255, 255
255, 255, 255
248, 248, 248
222, 222, 222
155, 155, 155
104, 104, 104
255, 255, 255
255, 255, 255
255, 255, 255
123, 123, 123
123, 123, 123
132, 132, 132
146, 146, 146
75, 75, 75
0, 0, 0
0, 0, 0
53, 53, 53
102, 102, 102
84, 84, 84
40, 40, 40
13, 13, 13
66, 66, 66
130, 130, 130
193, 193, 193
242, 242, 242
202, 202, 202
149, 149, 149
149, 149, 149
139, 139, 139
126, 126, 126
119, 119, 119
133, 133, 133
131, 131, 131
56, 56, 56
19, 19, 19
18, 18, 18
89, 89, 89
106, 106, 106
89, 89, 89
18, 18, 18
64, 64, 64
149, 149, 149
234, 234, 234
128, 128, 128
32, 32, 32
160, 160, 160
192, 192, 192
32, 32, 32
128, 128, 128
255, 255, 255
255, 255, 255
255, 255, 255
212, 212, 212
43, 43, 43
0, 0, 0
25, 25, 25
124, 124, 124
112, 112, 112
62, 62, 62
13, 13, 13
0, 0, 0
13, 13, 13
66, 66, 66
93, 93, 93
108, 108, 108
115, 115, 115
133, 133, 133
163, 163, 163
215, 215, 215
215, 215, 215
193, 193, 193
158, 158, 158
202, 202, 202
255, 255, 255
255, 255, 255
255, 255, 255
251, 251, 251
233, 233, 233
189, 189, 189
144, 144, 144
255, 255, 255
255, 255, 255
255, 255, 255
101, 101, 101
101, 101, 101
146, 146, 146
216, 216, 216
117, 117, 117
0, 0, 0
0, 0, 0
11, 11, 11
21, 21, 21
17, 17, 17
8, 8, 8
3, 3, 3
13, 13, 13
77, 77, 77
158, 158, 158
235, 235, 235
244, 244, 244
234, 234, 234
234, 234, 234
181, 181, 181
119, 119, 119
84, 84, 84
154, 154, 154
204, 204, 204
88, 88, 88
29, 29, 29
4, 4, 4
18, 18, 18
21, 21, 21
18, 18, 18
4, 4, 4
64, 64, 64
149, 149, 149
234, 234, 234
128, 128, 128
32, 32, 32
160, 160, 160
192, 192, 192
32, 32, 32
128, 128, 128
255, 255, 255
255, 255, 255
255, 255, 255
212, 212, 212
43, 43, 43
0, 0, 0
39, 39, 39
194, 194, 194
175, 175, 175
98, 98, 98
20, 20, 20
0, 0, 0
3, 3, 3
13, 13, 13
19, 19, 19
30, 30, 30
66, 66, 66
154, 154, 154
236, 236, 236
247, 247, 247
247, 247, 247
242, 242, 242
235, 235, 235
244, 244, 244
255, 255, 255
255, 255, 255
255, 255, 255
254, 254, 254
251, 251, 251
242, 242, 242
207, 207, 207
255, 255, 255
255, 255, 255
255, 255, 255
48, 48, 48
48, 48, 48
75, 75, 75
117, 117, 117
64, 64, 64
0, 0, 0
0, 0, 0
64, 64, 64
128, 128, 128
128, 128, 128
128, 128, 128
111, 111, 111
48, 48, 48
80, 80, 80
149, 149, 149
234, 234, 234
191, 191, 191
128, 128, 128
128, 128, 128
96, 96, 96
64, 64, 64
64, 64, 64
159, 159, 159
223, 223, 223
96, 96, 96
32, 32, 32
21, 21, 21
106, 106, 106
128, 128, 128
128, 128, 128
128, 128, 128
159, 159, 159
202, 202, 202
244, 244, 244
128, 128, 128
32, 32, 32
160, 160, 160
192, 192, 192
32, 32, 32
128, 128, 128
239, 239, 239
176, 176, 176
143, 143, 143
106, 106, 106
21, 21, 21
0, 0, 0
43, 43, 43
212, 212, 212
191, 191, 191
106, 106, 106
21, 21, 21
64, 64, 64
128, 128, 128
128, 128, 128
128, 128, 128
128, 128, 128
128, 128, 128
128, 128, 128
144, 144, 144
207, 207, 207
239, 239, 239
255, 255, 255
255, 255, 255
255, 255, 255
255, 255, 255
255, 255, 255
191, 191, 191
128, 128, 128
128, 128, 128
128, 128, 128
111, 111, 111
255, 255, 255
255, 255, 255
255, 255, 255
0, 0, 0
0, 0, 0
0, 0, 0
0, 0, 0
0, 0, 0
0, 0, 0
0, 0, 0
128, 128, 128
255, 255, 255
255, 255, 255
255, 255, 255
223, 223, 223
96, 96, 96
96, 96, 96
149, 149, 149
234, 234, 234
128, 128, 128
0, 0, 0
0, 0, 0
0, 0, 0
11, 11, 11
53, 53, 53
159, 159, 159
223, 223, 223
96, 96, 96
32, 32, 32
43, 43, 43
212, 212, 212
255, 255, 255
255, 255, 255
255, 255, 255
255, 255, 255
255, 255, 255
255, 255, 255
128, 128, 128
32, 32, 32
160, 160, 160
192, 192, 192
32, 32, 32
128, 128, 128
223, 223, 223
96, 96, 96
32, 32, 32
0, 0, 0
0, 0, 0
0, 0, 0
43, 43, 43
212, 212, 212
191, 191, 191
106, 106, 106
21, 21, 21
128, 128, 128
255, 255, 255
255, 255, 255
255, 255, 255
244, 244, 244
203, 203, 203
96, 96, 96
32, 32, 32
160, 160, 160
223, 223, 223
255, 255, 255
255, 255, 255
255, 255, 255
255, 255, 255
255, 255, 255
128, 128, 128
0, 0, 0
0, 0, 0
0, 0, 0
0, 0, 0
255, 255, 255
255, 255, 255
255, 255, 255
0, 0, 0
0, 0, 0
0, 0, 0
0, 0, 0
0, 0, 0
0, 0, 0
0, 0, 0
128, 128, 128
255, 255, 255
255, 255, 255
255, 255, 255
223, 223, 223
96, 96, 96
96, 96, 96
149, 149, 149
234, 234, 234
128, 128, 128
0, 0, 0
0, 0, 0
0, 0, 0
11, 11, 11
53, 53, 53
159, 159, 159
223, 223, 223
96, 96, 96
32, 32, 32
43, 43, 43
212, 212, 212
255, 255, 255
255, 255, 255
255, 255, 255
255, 255, 255
255, 255, 255
255, 255, 255
128, 128, 128
32, 32, 32
160, 160, 160
192, 192, 192
32, 32, 32
128, 128, 128
223, 223, 223
96, 96, 96
32, 32, 32
0, 0, 0
0, 0, 0
0, 0, 0
43, 43, 43
212, 212, 212
191, 191, 191
106, 106, 106
21, 21, 21
128, 128, 128
255, 255, 255
255, 255, 255
255, 255, 255
244, 244, 244
203, 203, 203
96, 96, 96
32, 32, 32
160, 160, 160
223, 223, 223
255, 255, 255
255, 255, 255
255, 255, 255
255, 255, 255
255, 255, 255
128, 128, 128
0, 0, 0
0, 0, 0
0, 0, 0
0, 0, 0
255, 255, 255
255, 255, 255
255, 255, 255
128, 128, 128
96, 96, 96
53, 53, 53
11, 11, 11
0, 0, 0
0, 0, 0
0, 0, 0
128, 128, 128
250, 250, 250
229, 229, 229
175, 175, 175
111, 111, 111
48, 48, 48
48, 48, 48
75, 75, 75
117, 117, 117
128, 128, 128
128, 128, 128
128, 128, 128
128, 128, 128
128, 128, 128
128, 128, 128
128, 128, 128
128, 128, 128
128, 128, 128
128, 128, 128
149, 149, 149
234, 234, 234
255, 255, 255
234, 234, 234
149, 149, 149
159, 159, 159
202, 202, 202
244, 244, 244
128, 128, 128
32, 32, 32
160, 160, 160
192, 192, 192
32, 32, 32
128, 128, 128
223, 223, 223
96, 96, 96
32, 32, 32
21, 21, 21
106, 106, 106
128, 128, 128
149, 149, 149
234, 234, 234
191, 191, 191
106, 106, 106
21, 21, 21
64, 64, 64
144, 144, 144
207, 207, 207
239, 239, 239
250, 250, 250
229, 229, 229
175, 175, 175
128, 128, 128
128, 128, 128
128, 128, 128
128, 128, 128
128, 128, 128
128, 128, 128
128, 128, 128
128, 128, 128
64, 64, 64
5, 5, 5
27, 27, 27
80, 80, 80
128, 128, 128
255, 255, 255
255, 255, 255
255, 255, 255
255, 255, 255
191, 191, 191
106, 106, 106
21, 21, 21
5, 5, 5
11, 11, 11
11, 11, 11
133, 133, 133
244, 244, 244
203, 203, 203
96, 96, 96
0, 0, 0
0, 0, 0
0, 0, 0
0, 0, 0
0, 0, 0
122, 122, 122
244, 244, 244
244, 244, 244
244, 244, 244
234, 234, 234
194, 194, 194
92, 92, 92
31, 31, 31
153, 153, 153
214, 214, 214
246, 246, 246
253, 253, 253
255, 255, 255
214, 214, 214
52, 52, 52
72, 72, 72
154, 154, 154
235, 235, 235
128, 128, 128
32, 32, 32
160, 160, 160
192, 192, 192
32, 32, 32
128, 128, 128
223, 223, 223
96, 96, 96
32, 32, 32
41, 41, 41
203, 203, 203
244, 244, 244
246, 246, 246
253, 253, 253
191, 191, 191
106, 106, 106
21, 21, 21
0, 0, 0
31, 31, 31
153, 153, 153
214, 214, 214
244, 244, 244
244, 244, 244
244, 244, 244
214, 214, 214
92, 92, 92
33, 33, 33
6, 6, 6
10, 10, 10
5, 5, 5
0, 0, 0
0, 0, 0
0, 0, 0
11, 11, 11
53, 53, 53
159, 159, 159
255, 255, 255
255, 255, 255
255, 255, 255
255, 255, 255
255, 255, 255
191, 191, 191
106, 106, 106
21, 21, 21
27, 27, 27
53, 53, 53
53, 53, 53
154, 154, 154
244, 244, 244
203, 203, 203
96, 96, 96
0, 0, 0
0, 0, 0
0, 0, 0
0, 0, 0
0, 0, 0
101, 101, 101
203, 203, 203
203, 203, 203
203, 203, 203
194, 194, 194
161, 161, 161
76, 76, 76
26, 26, 26
127, 127, 127
177, 177, 177
211, 211, 211
246, 246, 246
255, 255, 255
221, 221, 221
87, 87, 87
104, 104, 104
171, 171, 171
238, 238, 238
128, 128, 128
32, 32, 32
160, 160, 160
192, 192, 192
32, 32, 32
128, 128, 128
223, 223, 223
96, 96, 96
32, 32, 32
34, 34, 34
169, 169, 169
203, 203, 203
211, 211, 211
246, 246, 246
191, 191, 191
106, 106, 106
21, 21, 21
0, 0, 0
26, 26, 26
127, 127, 127
177, 177, 177
203, 203, 203
203, 203, 203
203, 203, 203
177, 177, 177
76, 76, 76
39, 39, 39
31, 31, 31
49, 49, 49
27, 27, 27
0, 0, 0
0, 0, 0
0, 0, 0
11, 11, 11
53, 53, 53
159, 159, 159
255, 255, 255
255, 255, 255
255, 255, 255
255, 255, 255
255, 255, 255
191, 191, 191
106, 106, 106
21, 21, 21
80, 80, 80
159, 159, 159
159, 159, 159
207, 207, 207
244, 244, 244
203, 203, 203
96, 96, 96
0, 0, 0
0, 0, 0
0, 0, 0
0, 0, 0
0, 0, 0
48, 48, 48
96, 96, 96
96, 96, 96
96, 96, 96
92, 92, 92
76, 76, 76
36, 36, 36
12, 12, 12
60, 60, 60
84, 84, 84
123, 123, 123
228, 228, 228
255, 255, 255
239, 239, 239
176, 176, 176
183, 183, 183
215, 215, 215
247, 247, 247
128, 128, 128
32, 32, 32
160, 160, 160
192, 192, 192
32, 32, 32
128, 128, 128
223, 223, 223
96, 96, 96
32, 32, 32
16, 16, 16
80, 80, 80
96, 96, 96
123, 123, 123
228, 228, 228
191, 191, 191
106, 106, 106
21, 21, 21
0, 0, 0
12, 12, 12
60, 60, 60
84, 84, 84
96, 96, 96
96, 96, 96
96, 96, 96
84, 84, 84
36, 36, 36
52, 52, 52
93, 93, 93
146, 146, 146
80, 80, 80
0, 0, 0
0, 0, 0
0, 0, 0
11, 11, 11
53, 53, 53
159, 159, 159
255, 255, 255
255, 255, 255
255, 255, 255
255, 255, 255
235, 235, 235
179, 179, 179
112, 112, 112
48, 48, 48
128, 128, 128
223, 223, 223
223, 223, 223
223, 223, 223
214, 214, 214
177, 177, 177
84, 84, 84
4, 4, 4
20, 20, 20
28, 28, 28
32, 32, 32
32, 32, 32
32, 32, 32
32, 32, 32
32, 32, 32
24, 24, 24
13, 13, 13
3, 3, 3
0, 0, 0
0, 0, 0
0, 0, 0
0, 0, 0
43, 43, 43
212, 212, 212
255, 255, 255
250, 250, 250
228, 228, 228
231, 231, 231
242, 242, 242
252, 252, 252
128, 128, 128
32, 32, 32
160, 160, 160
192, 192, 192
32, 32, 32
128, 128, 128
227, 227, 227
116, 116, 116
60, 60, 60
32, 32, 32
32, 32, 32
32, 32, 32
70, 70, 70
218, 218, 218
199, 199, 199
125, 125, 125
51, 51, 51
32, 32, 32
32, 32, 32
32, 32, 32
32, 32, 32
32, 32, 32
32, 32, 32
32, 32, 32
32, 32, 32
32, 32, 32
88, 88, 88
163, 163, 163
236, 236, 236
128, 128, 128
0, 0, 0
0, 0, 0
0, 0, 0
11, 11, 11
53, 53, 53
159, 159, 159
251, 251, 251
255, 255, 255
255, 255, 255
255, 255, 255
156, 156, 156
132, 132, 132
133, 133, 133
154, 154, 154
128, 128, 128
96, 96, 96
96, 96, 96
96, 96, 96
92, 92, 92
76, 76, 76
36, 36, 36
20, 20, 20
100, 100, 100
140, 140, 140
160, 160, 160
160, 160, 160
160, 160, 160
160, 160, 160
160, 160, 160
120, 120, 120
66, 66, 66
13, 13, 13
0, 0, 0
0, 0, 0
0, 0, 0
0, 0, 0
43, 43, 43
212, 212, 212
255, 255, 255
228, 228, 228
123, 123, 123
136, 136, 136
189, 189, 189
242, 242, 242
128, 128, 128
32, 32, 32
160, 160, 160
192, 192, 192
32, 32, 32
128, 128, 128
243, 243, 243
195, 195, 195
171, 171, 171
160, 160, 160
160, 160, 160
160, 160, 160
176, 176, 176
239, 239, 239
231, 231, 231
199, 199, 199
168, 168, 168
160, 160, 160
160, 160, 160
160, 160, 160
160, 160, 160
160, 160, 160
160, 160, 160
160, 160, 160
160, 160, 160
160, 160, 160
183, 183, 183
215, 215, 215
247, 247, 247
128, 128, 128
0, 0, 0
0, 0, 0
0, 0, 0
11, 11, 11
53, 53, 53
159, 159, 159
235, 235, 235
255, 255, 255
255, 255, 255
255, 255, 255
92, 92, 92
100, 100, 100
144, 144, 144
207, 207, 207
128, 128, 128
32, 32, 32
32, 32, 32
64, 64, 64
92, 92, 92
76, 76, 76
36, 36, 36
28, 28, 28
140, 140, 140
180, 180, 180
186, 186, 186
165, 165, 165
192, 192, 192
223, 223, 223
223, 223, 223
168, 168, 168
93, 93, 93
19, 19, 19
0, 0, 0
0, 0, 0
0, 0, 0
0, 0, 0
32, 32, 32
159, 159, 159
191, 191, 191
175, 175, 175
112, 112, 112
136, 136, 136
189, 189, 189
242, 242, 242
128, 128, 128
32, 32, 32
160, 160, 160
192, 192, 192
32, 32, 32
128, 128, 128
243, 243, 243
196, 196, 196
172, 172, 172
160, 160, 160
160, 160, 160
160, 160, 160
165, 165, 165
186, 186, 186
183, 183, 183
173, 173, 173
163, 163, 163
160, 160, 160
160, 160, 160
160, 160, 160
160, 160, 160
160, 160, 160
160, 160, 160
160, 160, 160
168, 168, 168
200, 200, 200
223, 223, 223
242, 242, 242
252, 252, 252
159, 159, 159
64, 64, 64
64, 64, 64
64, 64, 64
69, 69, 69
91, 91, 91
144, 144, 144
171, 171, 171
255, 255, 255
255, 255, 255
255, 255, 255
40, 40, 40
77, 77, 77
149, 149, 149
234, 234, 234
128, 128, 128
0, 0, 0
0, 0, 0
75, 75, 75
143, 143, 143
118, 118, 118
56, 56, 56
32, 32, 32
160, 160, 160
186, 186, 186
168, 168, 168
119, 119, 119
181, 181, 181
255, 255, 255
255, 255, 255
191, 191, 191
106, 106, 106
21, 21, 21
0, 0, 0
0, 0, 0
0, 0, 0
0, 0, 0
18, 18, 18
89, 89, 89
106, 106, 106
114, 114, 114
142, 142, 142
176, 176, 176
211, 211, 211
246, 246, 246
128, 128, 128
32, 32, 32
160, 160, 160
192, 192, 192
32, 32, 32
128, 128, 128
236, 236, 236
163, 163, 163
125, 125, 125
106, 106, 106
106, 106, 106
106, 106, 106
106, 106, 106
106, 106, 106
106, 106, 106
106, 106, 106
106, 106, 106
106, 106, 106
106, 106, 106
106, 106, 106
106, 106, 106
106, 106, 106
106, 106, 106
106, 106, 106
125, 125, 125
199, 199, 199
236, 236, 236
255, 255, 255
255, 255, 255
202, 202, 202
149, 149, 149
149, 149, 149
149, 149, 149
148, 148, 148
141, 141, 141
123, 123, 123
93, 93, 93
255, 255, 255
255, 255, 255
255, 255, 255
8, 8, 8
67, 67, 67
149, 149, 149
234, 234, 234
128, 128, 128
0, 0, 0
0, 0, 0
117, 117, 117
224, 224, 224
186, 186, 186
88, 88, 88
32, 32, 32
160, 160, 160
165, 165, 165
119, 119, 119
41, 41, 41
138, 138, 138
255, 255, 255
255, 255, 255
191, 191, 191
106, 106, 106
21, 21, 21
0, 0, 0
0, 0, 0
0, 0, 0
0, 0, 0
4, 4, 4
18, 18, 18
21, 21, 21
57, 57, 57
198, 198, 198
239, 239, 239
246, 246, 246
253, 253, 253
128, 128, 128
32, 32, 32
160, 160, 160
192, 192, 192
32, 32, 32
128, 128, 128
226, 226, 226
109, 109, 109
51, 51, 51
21, 21, 21
21, 21, 21
21, 21, 21
21, 21, 21
21, 21, 21
21, 21, 21
21, 21, 21
21, 21, 21
21, 21, 21
21, 21, 21
21, 21, 21
21, 21, 21
21, 21, 21
21, 21, 21
21, 21, 21
51, 51, 51
168, 168, 168
226, 226, 226
255, 255, 255
255, 255, 255
244, 244, 244
234, 234, 234
234, 234, 234
234, 234, 234
225, 225, 225
190, 190, 190
101, 101, 101
19, 19, 19
255, 255, 255
255, 255, 255
255, 255, 255
80, 80, 80
144, 144, 144
202, 202, 202
244, 244, 244
191, 191, 191
128, 128, 128
128, 128, 128
128, 128, 128
122, 122, 122
101, 101, 101
48, 48, 48
32, 32, 32
160, 160, 160
192, 192, 192
181, 181, 181
138, 138, 138
191, 191, 191
255, 255, 255
255, 255, 255
191, 191, 191
106, 106, 106
21, 21, 21
0, 0, 0
0, 0, 0
0, 0, 0
0, 0, 0
21, 21, 21
106, 106, 106
128, 128, 128
149, 149, 149
234, 234, 234
255, 255, 255
255, 255, 255
255, 255, 255
128, 128, 128
32, 32, 32
160, 160, 160
192, 192, 192
32, 32, 32
128, 128, 128
223, 223, 223
96, 96, 96
32, 32, 32
21, 21, 21
106, 106, 106
128, 128, 128
128, 128, 128
128, 128, 128
128, 128, 128
128, 128, 128
128, 128, 128
128, 128, 128
128, 128, 128
128, 128, 128
128, 128, 128
122, 122, 122
101, 101, 101
48, 48, 48
32, 32, 32
160, 160, 160
192, 192, 192
181, 181, 181
138, 138, 138
191, 191, 191
255, 255, 255
255, 255, 255
191, 191, 191
122, 122, 122
101, 101, 101
48, 48, 48
16, 16, 16
255, 255, 255
255, 255, 255
255, 255, 255
160, 160, 160
223, 223, 223
255, 255, 255
255, 255, 255
255, 255, 255
255, 255, 255
255, 255, 255
128, 128, 128
0, 0, 0
0, 0, 0
0, 0, 0
32, 32, 32
160, 160, 160
223, 223, 223
255, 255, 255
255, 255, 255
255, 255, 255
255, 255, 255
255, 255, 255
191, 191, 191
106, 106, 106
21, 21, 21
0, 0, 0
0, 0, 0
0, 0, 0
0, 0, 0
43, 43, 43
212, 212, 212
255, 255, 255
255, 255, 255
255, 255, 255
255, 255, 255
255, 255, 255
255, 255, 255
128, 128, 128
32, 32, 32
160, 160, 160
192, 192, 192
32, 32, 32
128, 128, 128
223, 223, 223
96, 96, 96
32, 32, 32
43, 43, 43
212, 212, 212
255, 255, 255
255, 255, 255
255, 255, 255
255, 255, 255
255, 255, 255
255, 255, 255
255, 255, 255
255, 255, 255
255, 255, 255
255, 255, 255
244, 244, 244
203, 203, 203
96, 96, 96
32, 32, 32
160, 160, 160
160, 160, 160
106, 106, 106
21, 21, 21
128, 128, 128
255, 255, 255
255, 255, 255
128, 128, 128
0, 0, 0
0, 0, 0
0, 0, 0
32, 32, 32
255, 255, 255
255, 255, 255
255, 255, 255
160, 160, 160
223, 223, 223
255, 255, 255
255, 255, 255
255, 255, 255
255, 255, 255
255, 255, 255
128, 128, 128
0, 0, 0
0, 0, 0
0, 0, 0
32, 32, 32
160, 160, 160
223, 223, 223
255, 255, 255
255, 255, 255
255, 255, 255
255, 255, 255
255, 255, 255
191, 191, 191
106, 106, 106
21, 21, 21
0, 0, 0
0, 0, 0
0, 0, 0
0, 0, 0
43, 43, 43
212, 212, 212
255, 255, 255
255, 255, 255
255, 255, 255
255, 255, 255
255, 255, 255
255, 255, 255
128, 128, 128
32, 32, 32
160, 160, 160
192, 192, 192
32, 32, 32
128, 128, 128
223, 223, 223
96, 96, 96
32, 32, 32
43, 43, 43
212, 212, 212
255, 255, 255
255, 255, 255
255, 255, 255
255, 255, 255
255, 255, 255
255, 255, 255
255, 255, 255
255, 255, 255
255, 255, 255
255, 255, 255
244, 244, 244
203, 203, 203
96, 96, 96
32, 32, 32
160, 160, 160
160, 160, 160
106, 106, 106
21, 21, 21
128, 128, 128
255, 255, 255
255, 255, 255
128, 128, 128
0, 0, 0
0, 0, 0
0, 0, 0
32, 32, 32
255, 255, 255
255, 255, 255
255, 255, 255
120, 120, 120
168, 168, 168
191, 191, 191
191, 191, 191
191, 191, 191
191, 191, 191
191, 191, 191
128, 128, 128
61, 61, 61
51, 51, 51
24, 24, 24
24, 24, 24
120, 120, 120
168, 168, 168
191, 191, 191
191, 191, 191
191, 191, 191
191, 191, 191
191, 191, 191
144, 144, 144
83, 83, 83
29, 29, 29
40, 40, 40
64, 64, 64
64, 64, 64
64, 64, 64
96, 96, 96
223, 223, 223
255, 255, 255
244, 244, 244
202, 202, 202
207, 207, 207
228, 228, 228
250, 250, 250
128, 128, 128
32, 32, 32
160, 160, 160
192, 192, 192
32, 32, 32
128, 128, 128
223, 223, 223
96, 96, 96
32, 32, 32
43, 43, 43
212, 212, 212
255, 255, 255
244, 244, 244
202, 202, 202
191, 191, 191
191, 191, 191
191, 191, 191
191, 191, 191
199, 199, 199
231, 231, 231
247, 247, 247
244, 244, 244
203, 203, 203
96, 96, 96
32, 32, 32
160, 160, 160
176, 176, 176
143, 143, 143
80, 80, 80
128, 128, 128
191, 191, 191
191, 191, 191
96, 96, 96
0, 0, 0
0, 0, 0
0, 0, 0
24, 24, 24
255, 255, 255
255, 255, 255
255, 255, 255
77, 77, 77
101, 101, 101
111, 111, 111
107, 107, 107
112, 112, 112
117, 117, 117
117, 117, 117
133, 133, 133
143, 143, 143
118, 118, 118
56, 56, 56
15, 15, 15
73, 73, 73
103, 103, 103
117, 117, 117
117, 117, 117
117, 117, 117
117, 117, 117
117, 117, 117
91, 91, 91
61, 61, 61
49, 49, 49
97, 97, 97
149, 149, 149
149, 149, 149
149, 149, 149
167, 167, 167
237, 237, 237
255, 255, 255
230, 230, 230
131, 131, 131
143, 143, 143
193, 193, 193
242, 242, 242
128, 128, 128
32, 32, 32
160, 160, 160
192, 192, 192
32, 32, 32
128, 128, 128
223, 223, 223
96, 96, 96
32, 32, 32
43, 43, 43
212, 212, 212
255, 255, 255
230, 230, 230
131, 131, 131
106, 106, 106
106, 106, 106
106, 106, 106
106, 106, 106
125, 125, 125
199, 199, 199
236, 236, 236
244, 244, 244
203, 203, 203
96, 96, 96
32, 32, 32
160, 160, 160
194, 194, 194
187, 187, 187
148, 148, 148
128, 128, 128
117, 117, 117
117, 117, 117
64, 64, 64
11, 11, 11
11, 11, 11
11, 11, 11
24, 24, 24
255, 255, 255
255, 255, 255
255, 255, 255
67, 67, 67
59, 59, 59
44, 44, 44
26, 26, 26
48, 48, 48
75, 75, 75
75, 75, 75
154, 154, 154
224, 224, 224
186, 186, 186
88, 88, 88
9, 9, 9
47, 47, 47
65, 65, 65
75, 75, 75
75, 75, 75
75, 75, 75
75, 75, 75
75, 75, 75
69, 69, 69
70, 70, 70
93, 93, 93
166, 166, 166
234, 234, 234
234, 234, 234
234, 234, 234
237, 237, 237
251, 251, 251
255, 255, 255
216, 216, 216
61, 61, 61
80, 80, 80
158, 158, 158
235, 235, 235
128, 128, 128
32, 32, 32
160, 160, 160
192, 192, 192
32, 32, 32
128, 128, 128
223, 223, 223
96, 96, 96
32, 32, 32
43, 43, 43
212, 212, 212
255, 255, 255
216, 216, 216
61, 61, 61
21, 21, 21
21, 21, 21
21, 21, 21
21, 21, 21
51, 51, 51
168, 168, 168
226, 226, 226
244, 244, 244
203, 203, 203
96, 96, 96
32, 32, 32
160, 160, 160
205, 205, 205
212, 212, 212
187, 187, 187
128, 128, 128
75, 75, 75
75, 75, 75
64, 64, 64
53, 53, 53
53, 53, 53
53, 53, 53
56, 56, 56
255, 255, 255
255, 255, 255
255, 255, 255
159, 159, 159
120, 120, 120
67, 67, 67
13, 13, 13
80, 80, 80
159, 159, 159
159, 159, 159
207, 207, 207
244, 244, 244
203, 203, 203
96, 96, 96
20, 20, 20
100, 100, 100
140, 140, 140
159, 159, 159
159, 159, 159
159, 159, 159
159, 159, 159
159, 159, 159
159, 159, 159
164, 164, 164
179, 179, 179
219, 219, 219
255, 255, 255
255, 255, 255
255, 255, 255
255, 255, 255
255, 255, 255
255, 255, 255
212, 212, 212
43, 43, 43
64, 64, 64
149, 149, 149
234, 234, 234
128, 128, 128
32, 32, 32
160, 160, 160
192, 192, 192
32, 32, 32
128, 128, 128
223, 223, 223
96, 96, 96
32, 32, 32
43, 43, 43
212, 212, 212
255, 255, 255
212, 212, 212
43, 43, 43
0, 0, 0
0, 0, 0
0, 0, 0
0, 0, 0
32, 32, 32
160, 160, 160
223, 223, 223
244, 244, 244
203, 203, 203
96, 96, 96
32, 32, 32
160, 160, 160
184, 184, 184
162, 162, 162
109, 109, 109
128, 128, 128
159, 159, 159
159, 159, 159
159, 159, 159
159, 159, 159
159, 159, 159
159, 159, 159
159, 159, 159
255, 255, 255
255, 255, 255
255, 255, 255
223, 223, 223
175, 175, 175
112, 112, 112
48, 48, 48
144, 144, 144
255, 255, 255
255, 255, 255
239, 239, 239
214, 214, 214
177, 177, 177
84, 84, 84
28, 28, 28
140, 140, 140
203, 203, 203
242, 242, 242
252, 252, 252
239, 239, 239
223, 223, 223
223, 223, 223
223, 223, 223
224, 224, 224
230, 230, 230
243, 243, 243
255, 255, 255
255, 255, 255
255, 255, 255
250, 250, 250
228, 228, 228
223, 223, 223
185, 185, 185
37, 37, 37
64, 64, 64
149, 149, 149
234, 234, 234
128, 128, 128
32, 32, 32
160, 160, 160
192, 192, 192
32, 32, 32
128, 128, 128
223, 223, 223
96, 96, 96
32, 32, 32
43, 43, 43
212, 212, 212
255, 255, 255
212, 212, 212
43, 43, 43
0, 0, 0
0, 0, 0
0, 0, 0
0, 0, 0
32, 32, 32
160, 160, 160
223, 223, 223
244, 244, 244
203, 203, 203
96, 96, 96
32, 32, 32
160, 160, 160
160, 160, 160
106, 106, 106
21, 21, 21
128, 128, 128
255, 255, 255
255, 255, 255
239, 239, 239
223, 223, 223
223, 223, 223
223, 223, 223
223, 223, 223
255, 255, 255
255, 255, 255
255, 255, 255
96, 96, 96
112, 112, 112
133, 133, 133
154, 154, 154
207, 207, 207
255, 255, 255
255, 255, 255
176, 176, 176
92, 92, 92
76, 76, 76
36, 36, 36
12, 12, 12
60, 60, 60
124, 124, 124
189, 189, 189
242, 242, 242
176, 176, 176
96, 96, 96
96, 96, 96
96, 96, 96
103, 103, 103
129, 129, 129
196, 196, 196
255, 255, 255
255, 255, 255
255, 255, 255
228, 228, 228
123, 123, 123
96, 96, 96
80, 80, 80
16, 16, 16
64, 64, 64
149, 149, 149
234, 234, 234
128, 128, 128
32, 32, 32
160, 160, 160
192, 192, 192
32, 32, 32
128, 128, 128
223, 223, 223
96, 96, 96
32, 32, 32
43, 43, 43
212, 212, 212
255, 255, 255
212, 212, 212
43, 43, 43
0, 0, 0
0, 0, 0
0, 0, 0
0, 0, 0
32, 32, 32
160, 160, 160
223, 223, 223
244, 244, 244
203, 203, 203
96, 96, 96
32, 32, 32
160, 160, 160
160, 160, 160
106, 106, 106
21, 21, 21
128, 128, 128
255, 255, 255
255, 255, 255
176, 176, 176
96, 96, 96
96, 96, 96
96, 96, 96
96, 96, 96
255, 255, 255
255, 255, 255
255, 255, 255
32, 32, 32
80, 80, 80
144, 144, 144
207, 207, 207
239, 239, 239
255, 255, 255
255, 255, 255
143, 143, 143
31, 31, 31
25, 25, 25
12, 12, 12
4, 4, 4
20, 20, 20
84, 84, 84
163, 163, 163
236, 236, 236
143, 143, 143
32, 32, 32
32, 32, 32
32, 32, 32
41, 41, 41
79, 79, 79
171, 171, 171
255, 255, 255
255, 255, 255
255, 255, 255
218, 218, 218
69, 69, 69
32, 32, 32
27, 27, 27
5, 5, 5
64, 64, 64
149, 149, 149
234, 234, 234
128, 128, 128
32, 32, 32
160, 160, 160
192, 192, 192
32, 32, 32
128, 128, 128
223, 223, 223
96, 96, 96
32, 32, 32
43, 43, 43
212, 212, 212
255, 255, 255
212, 212, 212
43, 43, 43
0, 0, 0
0, 0, 0
0, 0, 0
0, 0, 0
32, 32, 32
160, 160, 160
223, 223, 223
244, 244, 244
203, 203, 203
96, 96, 96
32, 32, 32
160, 160, 160
160, 160, 160
106, 106, 106
21, 21, 21
128, 128, 128
255, 255, 255
255, 255, 255
143, 143, 143
32, 32, 32
32, 32, 32
32, 32, 32
32, 32, 32
255, 255, 255
255, 255, 255
255, 255, 255
0, 0, 0
64, 64, 64
149, 149, 149
234, 234, 234
255, 255, 255
255, 255, 255
255, 255, 255
128, 128, 128
0, 0, 0
0, 0, 0
0, 0, 0
5, 5, 5
27, 27, 27
91, 91, 91
167, 167, 167
237, 237, 237
128, 128, 128
0, 0, 0
0, 0, 0
0, 0, 0
9, 9, 9
44, 44, 44
133, 133, 133
212, 212, 212
212, 212, 212
212, 212, 212
177, 177, 177
36, 36, 36
0, 0, 0
0, 0, 0
0, 0, 0
64, 64, 64
149, 149, 149
234, 234, 234
128, 128, 128
32, 32, 32
160, 160, 160
192, 192, 192
32, 32, 32
128, 128, 128
223, 223, 223
96, 96, 96
32, 32, 32
43, 43, 43
212, 212, 212
255, 255, 255
219, 219, 219
78, 78, 78
43, 43, 43
43, 43, 43
43, 43, 43
43, 43, 43
70, 70, 70
176, 176, 176
229, 229, 229
244, 244, 244
203, 203, 203
96, 96, 96
32, 32, 32
160, 160, 160
160, 160, 160
106, 106, 106
21, 21, 21
128, 128, 128
255, 255, 255
255, 255, 255
149, 149, 149
41, 41, 41
34, 34, 34
16, 16, 16
0, 0, 0
255, 255, 255
255, 255, 255
255, 255, 255
0, 0, 0
64, 64, 64
149, 149, 149
234, 234, 234
255, 255, 255
255, 255, 255
255, 255, 255
128, 128, 128
0, 0, 0
0, 0, 0
0, 0, 0
27, 27, 27
133, 133, 133
197, 197, 197
237, 237, 237
251, 251, 251
128, 128, 128
0, 0, 0
0, 0, 0
0, 0, 0
2, 2, 2
9, 9, 9
27, 27, 27
43, 43, 43
43, 43, 43
43, 43, 43
36, 36, 36
7, 7, 7
0, 0, 0
0, 0, 0
0, 0, 0
64, 64, 64
149, 149, 149
234, 234, 234
128, 128, 128
32, 32, 32
160, 160, 160
192, 192, 192
32, 32, 32
128, 128, 128
223, 223, 223
96, 96, 96
32, 32, 32
43, 43, 43
212, 212, 212
255, 255, 255
248, 248, 248
219, 219, 219
212, 212, 212
212, 212, 212
212, 212, 212
212, 212, 212
218, 218, 218
239, 239, 239
250, 250, 250
244, 244, 244
203, 203, 203
96, 96, 96
32, 32, 32
160, 160, 160
160, 160, 160
106, 106, 106
21, 21, 21
128, 128, 128
255, 255, 255
255, 255, 255
234, 234, 234
203, 203, 203
169, 169, 169
80, 80, 80
0, 0, 0
255, 255, 255
255, 255, 255
255, 255, 255
0, 0, 0
64, 64, 64
149, 149, 149
234, 234, 234
255, 255, 255
255, 255, 255
255, 255, 255
128, 128, 128
0, 0, 0
0, 0, 0
0, 0, 0
32, 32, 32
160, 160, 160
223, 223, 223
255, 255, 255
255, 255, 255
128, 128, 128
0, 0, 0
0, 0, 0
0, 0, 0
0, 0, 0
0, 0, 0
0, 0, 0
0, 0, 0
0, 0, 0
0, 0, 0
0, 0, 0
0, 0, 0
0, 0, 0
0, 0, 0
0, 0, 0
64, 64, 64
149, 149, 149
234, 234, 234
128, 128, 128
32, 32, 32
160, 160, 160
192, 192, 192
32, 32, 32
128, 128, 128
223, 223, 223
96, 96, 96
32, 32, 32
43, 43, 43
212, 212, 212
255, 255, 255
255, 255, 255
255, 255, 255
255, 255, 255
255, 255, 255
255, 255, 255
255, 255, 255
255, 255, 255
255, 255, 255
255, 255, 255
244, 244, 244
203, 203, 203
96, 96, 96
32, 32, 32
160, 160, 160
160, 160, 160
106, 106, 106
21, 21, 21
128, 128, 128
255, 255, 255
255, 255, 255
255, 255, 255
244, 244, 244
203, 203, 203
96, 96, 96
0, 0, 0
255, 255, 255
255, 255, 255
255, 255, 255
43, 43, 43
96, 96, 96
167, 167, 167
237, 237, 237
255, 255, 255
255, 255, 255
255, 255, 255
128, 128, 128
0, 0, 0
0, 0, 0
0, 0, 0
32, 32, 32
160, 160, 160
223, 223, 223
255, 255, 255
255, 255, 255
149, 149, 149
43, 43, 43
43, 43, 43
32, 32, 32
18, 18, 18
4, 4, 4
0, 0, 0
5, 5, 5
27, 27, 27
38, 38, 38
43, 43, 43
43, 43, 43
43, 43, 43
36, 36, 36
7, 7, 7
64, 64, 64
149, 149, 149
234, 234, 234
128, 128, 128
32, 32, 32
160, 160, 160
192, 192, 192
32, 32, 32
128, 128, 128
223, 223, 223
96, 96, 96
32, 32, 32
36, 36, 36
177, 177, 177
212, 212, 212
212, 212, 212
212, 212, 212
212, 212, 212
212, 212, 212
212, 212, 212
212, 212, 212
212, 212, 212
212, 212, 212
212, 212, 212
203, 203, 203
169, 169, 169
80, 80, 80
32, 32, 32
160, 160, 160
160, 160, 160
106, 106, 106
21, 21, 21
128, 128, 128
255, 255, 255
255, 255, 255
255, 255, 255
246, 246, 246
211, 211, 211
123, 123, 123
43, 43, 43
255, 255, 255
255, 255, 255
255, 255, 255
212, 212, 212
223, 223, 223
237, 237, 237
251, 251, 251
255, 255, 255
255, 255, 255
255, 255, 255
128, 128, 128
0, 0, 0
0, 0, 0
0, 0, 0
32, 32, 32
160, 160, 160
223, 223, 223
255, 255, 255
255, 255, 255
234, 234, 234
212, 212, 212
212, 212, 212
159, 159, 159
89, 89, 89
18, 18, 18
0, 0, 0
27, 27, 27
133, 133, 133
186, 186, 186
212, 212, 212
212, 212, 212
212, 212, 212
177, 177, 177
36, 36, 36
64, 64, 64
149, 149, 149
234, 234, 234
128, 128, 128
32, 32, 32
160, 160, 160
192, 192, 192
32, 32, 32
128, 128, 128
223, 223, 223
96, 96, 96
32, 32, 32
7, 7, 7
36, 36, 36
43, 43, 43
43, 43, 43
43, 43, 43
43, 43, 43
43, 43, 43
43, 43, 43
43, 43, 43
43, 43, 43
43, 43, 43
43, 43, 43
41, 41, 41
34, 34, 34
16, 16, 16
32, 32, 32
160, 160, 160
160, 160, 160
106, 106, 106
21, 21, 21
128, 128, 128
255, 255, 255
255, 255, 255
255, 255, 255
253, 253, 253
246, 246, 246
228, 228, 228
212, 212, 212
255, 255, 255
255, 255, 255
255, 255, 255
255, 255, 255
255, 255, 255
255, 255, 255
255, 255, 255
255, 255, 255
255, 255, 255
255, 255, 255
159, 159, 159
64, 64, 64
64, 64, 64
64, 64, 64
88, 88, 88
183, 183, 183
231, 231, 231
255, 255, 255
255, 255, 255
255, 255, 255
255, 255, 255
255, 255, 255
207, 207, 207
143, 143, 143
80, 80, 80
64, 64, 64
88, 88, 88
183, 183, 183
231, 231, 231
255, 255, 255
255, 255, 255
255, 255, 255
223, 223, 223
96, 96, 96
112, 112, 112
176, 176, 176
239, 239, 239
128, 128, 128
32, 32, 32
160, 160, 160
192, 192, 192
32, 32, 32
128, 128, 128
231, 231, 231
136, 136, 136
88, 88, 88
64, 64, 64
64, 64, 64
64, 64, 64
64, 64, 64
64, 64, 64
64, 64, 64
64, 64, 64
64, 64, 64
64, 64, 64
64, 64, 64
64, 64, 64
64, 64, 64
64, 64, 64
64, 64, 64
64, 64, 64
88, 88, 88
183, 183, 183
183, 183, 183
143, 143, 143
80, 80, 80
159, 159, 159
255, 255, 255
255, 255, 255
255, 255, 255
255, 255, 255
255, 255, 255
255, 255, 255
255, 255, 255
255, 255, 255
255, 255, 255
255, 255, 255
255, 255, 255
255, 255, 255
255, 255, 255
255, 255, 255
255, 255, 255
255, 255, 255
255, 255, 255
202, 202, 202
149, 149, 149
149, 149, 149
149, 149, 149
163, 163, 163
215, 215, 215
242, 242, 242
255, 255, 255
255, 255, 255
255, 255, 255
255, 255, 255
255, 255, 255
228, 228, 228
193, 193, 193
158, 158, 158
149, 149, 149
163, 163, 163
215, 215, 215
242, 242, 242
255, 255, 255
255, 255, 255
255, 255, 255
237, 237, 237
167, 167, 167
176, 176, 176
211, 211, 211
246, 246, 246
128, 128, 128
32, 32, 32
160, 160, 160
192, 192, 192
32, 32, 32
128, 128, 128
242, 242, 242
189, 189, 189
163, 163, 163
149, 149, 149
149, 149, 149
149, 149, 149
149, 149, 149
149, 149, 149
149, 149, 149
149, 149, 149
149, 149, 149
149, 149, 149
149, 149, 149
149, 149, 149
149, 149, 149
149, 149, 149
149, 149, 149
149, 149, 149
163, 163, 163
215, 215, 215
215, 215, 215
193, 193, 193
158, 158, 158
202, 202, 202
255, 255, 255
255, 255, 255
255, 255, 255
255, 255, 255
255, 255, 255
255, 255, 255
255, 255, 255
255, 255, 255
255, 255, 255
255, 255, 255
255, 255, 255
255, 255, 255
255, 255, 255
255, 255, 255
255, 255, 255
255, 255, 255
255, 255, 255
244, 244, 244
234, 234, 234
234, 234, 234
234, 234, 234
236, 236, 236
247, 247, 247
252, 252, 252
255, 255, 255
255, 255, 255
255, 255, 255
255, 255, 255
255, 255, 255
250, 250, 250
242, 242, 242
235, 235, 235
234, 234, 234
236, 236, 236
247, 247, 247
252, 252, 252
255, 255, 255
255, 255, 255
255, 255, 255
251, 251, 251
237, 237, 237
239, 239, 239
246, 246, 246
253, 253, 253
128, 128, 128
32, 32, 32
160, 160, 160
192, 192, 192
32, 32, 32
128, 128, 128
252, 252, 252
242, 242, 242
236, 236, 236
234, 234, 234
234, 234, 234
234, 234, 234
234, 234, 234
234, 234, 234
234, 234, 234
234, 234, 234
234, 234, 234
234, 234, 234
234, 234, 234
234, 234, 234
234, 234, 234
234, 234, 234
234, 234, 234
234, 234, 234
236, 236, 236
247, 247, 247
247, 247, 247
242, 242, 242
235, 235, 235
244, 244, 244
255, 255, 255
255, 255, 255
255, 255, 255
255, 255, 255
255, 255, 255
255, 255, 255
255, 255, 255
255, 255, 255
255, 255, 255
255, 255, 255
128, 128, 128
128, 128, 128
128, 128, 128
128, 128, 128
128, 128, 128
128, 128, 128
128, 128, 128
128, 128, 128
128, 128, 128
128, 128, 128
128, 128, 128
128, 128, 128
128, 128, 128
128, 128, 128
128, 128, 128
128, 128, 128
128, 128, 128
128, 128, 128
128, 128, 128
128, 128, 128
128, 128, 128
128, 128, 128
128, 128, 128
128, 128, 128
128, 128, 128
128, 128, 128
128, 128, 128
128, 128, 128
128, 128, 128
128, 128, 128
128, 128, 128
128, 128, 128
128, 128, 128
128, 128, 128
64, 64, 64
32, 32, 32
160, 160, 160
192, 192, 192
32, 32, 32
64, 64, 64
128, 128, 128
128, 128, 128
128, 128, 128
128, 128, 128
128, 128, 128
128, 128, 128
128, 128, 128
128, 128, 128
128, 128, 128
128, 128, 128
128, 128, 128
128, 128, 128
128, 128, 128
128, 128, 128
128, 128, 128
128, 128, 128
128, 128, 128
128, 128, 128
128, 128, 128
128, 128, 128
128, 128, 128
128, 128, 128
128, 128, 128
128, 128, 128
128, 128, 128
128, 128, 128
128, 128, 128
128, 128, 128
128, 128, 128
128, 128, 128
128, 128, 128
255, 255, 255
255, 255, 255
255, 255, 255
32, 32, 32
32, 32, 32
32, 32, 32
32, 32, 32
32, 32, 32
32, 32, 32
32, 32, 32
32, 32, 32
32, 32, 32
32, 32, 32
32, 32, 32
32, 32, 32
32, 32, 32
32, 32, 32
32, 32, 32
32, 32, 32
32, 32, 32
32, 32, 32
32, 32, 32
32, 32, 32
32, 32, 32
32, 32, 32
32, 32, 32
32, 32, 32
32, 32, 32
32, 32, 32
32, 32, 32
32, 32, 32
32, 32, 32
32, 32, 32
32, 32, 32
32, 32, 32
32, 32, 32
32, 32, 32
32, 32, 32
59, 59, 59
165, 165, 165
192, 192, 192
59, 59, 59
32, 32, 32
32, 32, 32
32, 32, 32
32, 32, 32
32, 32, 32
32, 32, 32
32, 32, 32
32, 32, 32
32, 32, 32
32, 32, 32
32, 32, 32
32, 32, 32
32, 32, 32
32, 32, 32
32, 32, 32
32, 32, 32
32, 32, 32
32, 32, 32
32, 32, 32
32, 32, 32
32, 32, 32
32, 32, 32
32, 32, 32
32, 32, 32
32, 32, 32
32, 32, 32
32, 32, 32
32, 32, 32
32, 32, 32
32, 32, 32
32, 32, 32
32, 32, 32
255, 255, 255
255, 255, 255
255, 255, 255
160, 160, 160
160, 160, 160
160, 160, 160
160, 160, 160
160, 160, 160
160, 160, 160
160, 160, 160
160, 160, 160
160, 160, 160
160, 160, 160
160, 160, 160
160, 160, 160
160, 160, 160
160, 160, 160
160, 160, 160
160, 160, 160
160, 160, 160
160, 160, 160
160, 160, 160
160, 160, 160
160, 160, 160
160, 160, 160
160, 160, 160
160, 160, 160
160, 160, 160
160, 160, 160
160, 160, 160
160, 160, 160
160, 160, 160
160, 160, 160
160, 160, 160
160, 160, 160
160, 160, 160
160, 160, 160
160, 160, 160
165, 165, 165
187, 187, 187
192, 192, 192
165, 165, 165
160, 160, 160
160, 160, 160
160, 160, 160
160, 160, 160
160, 160, 160
160, 160, 160
160, 160, 160
160, 160, 160
160, 160, 160
160, 160, 160
160, 160, 160
160, 160, 160
160, 160, 160
160, 160, 160
160, 160, 160
160, 160, 160
160, 160, 160
160, 160, 160
160, 160, 160
160, 160, 160
160, 160, 160
160, 160, 160
160, 160, 160
160, 160, 160
160, 160, 160
160, 160, 160
160, 160, 160
160, 160, 160
160, 160, 160
160, 160, 160
160, 160, 160
160, 160, 160
255, 255, 255
255, 255, 255
255, 255, 255
192, 192, 192
192, 192, 192
192, 192, 192
192, 192, 192
192, 192, 192
192, 192, 192
192, 192, 192
192, 192, 192
192, 192, 192
192, 192, 192
192, 192, 192
192, 192, 192
192, 192, 192
192, 192, 192
192, 192, 192
192, 192, 192
192, 192, 192
192, 192, 192
192, 192, 192
192, 192, 192
192, 192, 192
192, 192, 192
192, 192, 192
192, 192, 192
192, 192, 192
192, 192, 192
192, 192, 192
192, 192, 192
192, 192, 192
192, 192, 192
192, 192, 192
192, 192, 192
192, 192, 192
192, 192, 192
192, 192, 192
192, 192, 192
192, 192, 192
192, 192, 192
192, 192, 192
192, 192, 192
192, 192, 192
192, 192, 192
192, 192, 192
192, 192, 192
192, 192, 192
192, 192, 192
192, 192, 192
192, 192, 192
192, 192, 192
192, 192, 192
192, 192, 192
192, 192, 192
192, 192, 192
192, 192, 192
192, 192, 192
192, 192, 192
192, 192, 192
192, 192, 192
192, 192, 192
192, 192, 192
192, 192, 192
192, 192, 192
192, 192, 192
192, 192, 192
192, 192, 192
192, 192, 192
192, 192, 192
192, 192, 192
192, 192, 192
192, 192, 192
192, 192, 192
255, 255, 255
255, 255, 255
